50 612 1
1 5
1 3 0
2 2 2 2 2
2 2 2 2 2
2 2 2 2 2
2 2 2 2 2
2 2 2 2 2
1 6 0
2 2 2 2 2
2 2 2 2 2
2 2 2 2 2
2 2 2 2 2
2 2 2 2 2
1 7 0
1 1 1 1 1
1 1 1 1 1
1 1 1 1 1
1 1 1 1 1
1 1 1 1 1
1 8 1
1 5 4 4 3
4 1 5 4 4
3 5 1 3 3
5 4 1 2 3
4 3 4 1 3
1 9 0
1 1 1 1 1
1 1 1 1 1
1 1 1 1 1
1 1 1 1 1
1 1 1 1 1
1 10 0
2 2 2 2 2
2 2 2 2 2
2 2 2 2 2
2 2 2 2 2
2 2 2 2 2
1 11 1
3 1 5 3 4
2 3 1 4 2
2 1 2 2 4
5 5 2 4 1
1 2 5 3 3
1 12 0
1 1 1 1 1
1 1 1 1 1
1 1 1 1 1
1 1 1 1 1
1 1 1 1 1
1 13 1
2 1 5 4 5
2 3 4 5 5
3 4 2 2 5
5 4 5 5 3
3 3 2 2 4
1 15 0
2 2 2 2 2
2 2 2 2 2
2 2 2 2 2
2 2 2 2 2
2 2 2 2 2
1 19 0
1 1 1 1 1
1 1 1 1 1
1 1 1 1 1
1 1 1 1 1
1 1 1 1 1
1 20 1
2 5 3 5 5
2 5 3 2 5
3 2 5 3 2
1 4 2 1 3
5 3 1 5 5
1 21 1
3 2 4 4 3
3 4 4 5 4
3 3 2 3 4
4 4 3 1 1
4 5 1 4 1
1 23 0
1 1 1 1 1
1 1 1 1 1
1 1 1 1 1
1 1 1 1 1
1 1 1 1 1
1 25 0
2 2 2 2 2
2 2 2 2 2
2 2 2 2 2
2 2 2 2 2
2 2 2 2 2
1 27 1
2 1 1 5 1
4 3 5 3 2
2 1 1 5 3
1 4 5 1 1
4 5 5 2 2
1 28 1
3 4 5 5 2
4 2 1 1 5
1 3 1 2 2
5 1 2 5 1
1 1 1 4 4
1 29 0
2 2 2 2 2
2 2 2 2 2
2 2 2 2 2
2 2 2 2 2
2 2 2 2 2
1 30 0
1 1 1 1 1
1 1 1 1 1
1 1 1 1 1
1 1 1 1 1
1 1 1 1 1
1 34 1
3 3 3 1 1
5 3 2 3 4
5 4 5 1 1
2 3 2 4 3
4 4 2 2 2
1 36 0
2 2 2 2 2
2 2 2 2 2
2 2 2 2 2
2 2 2 2 2
2 2 2 2 2
1 37 0
1 1 1 1 1
1 1 1 1 1
1 1 1 1 1
1 1 1 1 1
1 1 1 1 1
1 38 1
5 4 5 3 1
1 2 2 2 1
4 3 1 1 3
3 3 3 3 2
3 5 4 5 1
1 40 1
4 1 2 3 4
4 4 5 3 5
3 1 5 4 5
4 5 4 3 1
5 4 2 3 1
1 43 1
3 3 3 3 1
3 4 5 1 5
3 5 5 5 2
3 2 5 4 2
1 1 3 4 3
1 47 0
2 2 2 2 2
2 2 2 2 2
2 2 2 2 2
2 2 2 2 2
2 2 2 2 2
1 49 0
2 2 2 2 2
2 2 2 2 2
2 2 2 2 2
2 2 2 2 2
2 2 2 2 2
1 50 1
2 3 3 2 5
4 3 5 4 1
1 2 1 5 1
4 2 2 3 2
1 1 4 2 3
2 3 1
2 2 5 5 4
5 1 3 3 2
5 1 2 3 5
5 4 2 4 2
2 2 3 2 1
2 4 0
2 2 2 2 2
2 2 2 2 2
2 2 2 2 2
2 2 2 2 2
2 2 2 2 2
2 5 0
2 2 2 2 2
2 2 2 2 2
2 2 2 2 2
2 2 2 2 2
2 2 2 2 2
2 7 1
1 2 4 4 1
4 1 5 2 5
2 4 3 4 2
2 2 3 4 5
2 2 1 4 1
2 8 0
1 1 1 1 1
1 1 1 1 1
1 1 1 1 1
1 1 1 1 1
1 1 1 1 1
2 15 1
1 5 5 2 1
1 1 2 5 3
5 5 3 4 4
1 5 5 4 3
1 1 3 2 5
2 16 1
2 3 4 2 3
5 1 4 2 1
2 2 1 3 4
5 4 1 4 3
1 1 2 1 5
2 17 0
2 2 2 2 2
2 2 2 2 2
2 2 2 2 2
2 2 2 2 2
2 2 2 2 2
2 18 1
1 2 1 4 3
2 2 5 3 1
2 4 1 4 1
4 3 5 2 1
4 3 1 5 1
2 19 0
1 1 1 1 1
1 1 1 1 1
1 1 1 1 1
1 1 1 1 1
1 1 1 1 1
2 21 1
1 3 1 2 2
3 2 1 2 1
4 1 1 4 5
2 5 1 3 1
2 1 5 2 1
2 22 1
2 1 2 1 1
5 5 5 4 3
2 3 5 1 3
5 1 5 3 3
4 2 1 1 4
2 23 0
1 1 1 1 1
1 1 1 1 1
1 1 1 1 1
1 1 1 1 1
1 1 1 1 1
2 24 0
1 1 1 1 1
1 1 1 1 1
1 1 1 1 1
1 1 1 1 1
1 1 1 1 1
2 25 1
5 3 4 5 3
1 5 4 3 2
3 4 1 2 1
1 4 4 4 3
2 1 4 1 3
2 26 0
1 1 1 1 1
1 1 1 1 1
1 1 1 1 1
1 1 1 1 1
1 1 1 1 1
2 28 0
1 1 1 1 1
1 1 1 1 1
1 1 1 1 1
1 1 1 1 1
1 1 1 1 1
2 30 1
1 4 3 5 2
3 1 5 3 5
2 3 3 4 3
2 3 4 5 3
3 2 4 1 2
2 31 0
1 1 1 1 1
1 1 1 1 1
1 1 1 1 1
1 1 1 1 1
1 1 1 1 1
2 32 1
5 3 4 5 3
1 2 1 1 4
2 4 3 1 3
2 5 2 1 3
5 4 2 4 2
2 35 0
1 1 1 1 1
1 1 1 1 1
1 1 1 1 1
1 1 1 1 1
1 1 1 1 1
2 36 1
2 2 1 4 2
2 3 4 1 5
1 1 5 2 1
1 4 5 2 3
1 2 1 5 2
2 37 0
1 1 1 1 1
1 1 1 1 1
1 1 1 1 1
1 1 1 1 1
1 1 1 1 1
2 38 1
5 1 3 4 2
1 5 2 5 2
2 3 5 4 3
4 3 4 2 2
1 3 5 5 2
2 39 1
2 3 1 2 1
4 5 1 1 2
1 3 1 5 1
2 5 3 1 2
5 4 2 2 5
2 41 1
1 4 3 3 4
3 5 5 3 3
5 4 2 3 1
5 5 5 4 5
4 1 3 5 4
2 42 0
1 1 1 1 1
1 1 1 1 1
1 1 1 1 1
1 1 1 1 1
1 1 1 1 1
2 44 1
1 1 4 4 1
2 1 4 2 2
3 5 5 5 1
2 4 1 1 1
1 4 4 4 5
2 47 1
3 1 5 2 4
2 1 4 4 2
2 1 2 2 1
5 5 2 4 2
3 5 5 1 1
3 5 0
2 2 2 2 2
2 2 2 2 2
2 2 2 2 2
2 2 2 2 2
2 2 2 2 2
3 7 0
1 1 1 1 1
1 1 1 1 1
1 1 1 1 1
1 1 1 1 1
1 1 1 1 1
3 8 1
2 1 3 2 4
2 2 2 3 3
5 3 5 5 5
2 2 2 1 4
5 1 4 3 4
3 9 0
2 2 2 2 2
2 2 2 2 2
2 2 2 2 2
2 2 2 2 2
2 2 2 2 2
3 10 1
2 2 5 2 3
3 3 2 4 1
5 4 1 4 4
4 5 3 2 2
3 4 5 1 3
3 11 0
2 2 2 2 2
2 2 2 2 2
2 2 2 2 2
2 2 2 2 2
2 2 2 2 2
3 12 0
2 2 2 2 2
2 2 2 2 2
2 2 2 2 2
2 2 2 2 2
2 2 2 2 2
3 13 1
4 4 4 3 4
4 5 3 1 4
5 2 3 1 4
4 4 4 4 1
2 3 1 4 2
3 14 1
3 3 1 1 3
3 4 4 1 4
1 3 1 3 5
4 5 5 1 4
3 4 4 4 5
3 15 0
2 2 2 2 2
2 2 2 2 2
2 2 2 2 2
2 2 2 2 2
2 2 2 2 2
3 16 0
2 2 2 2 2
2 2 2 2 2
2 2 2 2 2
2 2 2 2 2
2 2 2 2 2
3 18 0
1 1 1 1 1
1 1 1 1 1
1 1 1 1 1
1 1 1 1 1
1 1 1 1 1
3 19 1
4 3 1 3 3
4 1 1 4 4
2 5 5 1 1
3 1 3 1 1
1 1 4 5 3
3 20 0
2 2 2 2 2
2 2 2 2 2
2 2 2 2 2
2 2 2 2 2
2 2 2 2 2
3 27 1
2 5 1 2 3
5 4 1 3 5
4 2 1 5 1
1 4 5 2 4
3 5 1 3 3
3 29 1
2 4 2 5 3
5 4 4 4 1
4 5 4 3 4
5 4 3 1 3
1 3 5 1 1
3 32 1
2 3 2 2 3
4 5 4 2 2
1 1 3 1 5
2 2 5 4 4
1 3 1 5 2
3 34 1
5 3 3 5 2
2 4 2 4 1
2 3 1 1 5
2 2 2 4 5
2 3 1 5 4
3 36 1
1 3 3 4 4
5 2 3 2 5
3 3 2 3 2
3 1 2 1 3
5 1 3 4 1
3 38 1
2 3 1 3 4
1 3 3 3 4
5 2 1 3 3
2 4 1 1 4
1 4 3 3 1
3 39 0
1 1 1 1 1
1 1 1 1 1
1 1 1 1 1
1 1 1 1 1
1 1 1 1 1
3 41 1
4 3 2 4 2
1 5 3 1 3
4 4 3 1 4
2 4 1 5 2
1 4 5 1 3
3 42 1
1 4 4 4 1
5 4 4 2 3
5 3 1 2 3
1 2 1 3 2
5 1 1 3 5
3 44 1
3 4 3 1 2
1 5 2 5 2
4 1 1 3 3
3 5 2 1 3
1 3 4 2 4
3 46 0
1 1 1 1 1
1 1 1 1 1
1 1 1 1 1
1 1 1 1 1
1 1 1 1 1
3 47 1
2 3 5 3 5
2 2 3 3 4
2 1 2 5 1
1 4 5 4 3
2 1 5 2 3
3 48 1
4 4 1 1 3
2 5 4 2 3
3 2 5 3 5
3 3 5 1 2
3 3 3 5 3
4 33 1
2 2 4 5 2
1 2 3 1 1
1 2 2 2 1
4 2 2 2 3
3 2 5 5 4
4 36 0
2 2 2 2 2
2 2 2 2 2
2 2 2 2 2
2 2 2 2 2
2 2 2 2 2
4 5 0
2 2 2 2 2
2 2 2 2 2
2 2 2 2 2
2 2 2 2 2
2 2 2 2 2
4 38 1
4 4 2 4 3
3 2 3 4 2
3 5 2 1 4
5 4 4 5 4
3 5 1 1 3
4 39 1
3 5 1 3 3
3 2 1 4 2
5 3 4 1 5
5 1 1 4 4
1 2 3 4 1
4 40 0
2 2 2 2 2
2 2 2 2 2
2 2 2 2 2
2 2 2 2 2
2 2 2 2 2
4 41 0
2 2 2 2 2
2 2 2 2 2
2 2 2 2 2
2 2 2 2 2
2 2 2 2 2
4 42 1
5 2 3 3 4
2 2 4 1 3
2 3 3 2 1
3 1 2 5 2
4 5 1 1 1
4 43 1
2 1 4 3 4
3 2 4 2 2
2 2 5 4 4
4 5 2 3 4
5 5 2 4 1
4 44 0
2 2 2 2 2
2 2 2 2 2
2 2 2 2 2
2 2 2 2 2
2 2 2 2 2
4 9 1
5 4 1 2 1
2 2 2 4 1
4 2 5 3 5
2 1 3 1 4
5 5 1 5 3
4 47 1
4 4 1 4 3
4 2 4 1 2
3 3 1 2 1
3 4 3 2 5
4 5 3 2 3
4 16 0
1 1 1 1 1
1 1 1 1 1
1 1 1 1 1
1 1 1 1 1
1 1 1 1 1
4 49 1
1 1 1 4 5
3 1 3 2 5
3 3 5 5 4
4 2 3 5 2
2 3 1 5 5
4 18 0
2 2 2 2 2
2 2 2 2 2
2 2 2 2 2
2 2 2 2 2
2 2 2 2 2
4 21 0
2 2 2 2 2
2 2 2 2 2
2 2 2 2 2
2 2 2 2 2
2 2 2 2 2
4 22 1
1 3 2 3 2
4 4 2 4 5
3 3 4 5 3
2 2 2 3 1
4 4 3 1 3
4 23 0
2 2 2 2 2
2 2 2 2 2
2 2 2 2 2
2 2 2 2 2
2 2 2 2 2
4 37 1
3 1 3 3 3
1 2 3 3 3
4 1 4 5 3
2 5 4 2 2
1 5 5 3 2
4 27 1
3 5 4 5 2
4 2 2 4 3
5 1 4 4 4
2 5 1 5 4
2 1 3 3 5
5 35 0
2 2 2 2 2
2 2 2 2 2
2 2 2 2 2
2 2 2 2 2
2 2 2 2 2
5 6 0
2 2 2 2 2
2 2 2 2 2
2 2 2 2 2
2 2 2 2 2
2 2 2 2 2
5 39 0
1 1 1 1 1
1 1 1 1 1
1 1 1 1 1
1 1 1 1 1
1 1 1 1 1
5 40 1
1 1 1 1 3
3 4 5 4 1
2 4 1 5 2
1 3 4 2 3
3 3 3 5 2
5 41 1
4 4 1 5 1
4 5 4 4 2
3 3 4 4 4
5 2 4 1 4
4 2 4 2 5
5 42 0
1 1 1 1 1
1 1 1 1 1
1 1 1 1 1
1 1 1 1 1
1 1 1 1 1
5 12 1
1 3 4 2 5
4 3 5 2 1
5 3 1 4 4
4 4 4 4 2
4 4 3 3 2
5 47 1
4 1 4 1 1
3 1 4 2 4
4 5 2 3 5
4 5 2 1 2
3 5 5 2 3
5 17 1
3 3 2 1 3
3 1 3 5 5
1 2 2 1 3
5 3 3 1 4
3 2 5 4 4
5 18 0
1 1 1 1 1
1 1 1 1 1
1 1 1 1 1
1 1 1 1 1
1 1 1 1 1
5 20 1
4 3 3 3 1
1 3 1 4 3
4 1 2 2 1
2 4 1 4 5
3 4 4 1 4
5 21 0
2 2 2 2 2
2 2 2 2 2
2 2 2 2 2
2 2 2 2 2
2 2 2 2 2
5 15 1
5 2 2 4 2
1 5 1 1 4
4 3 5 4 1
4 4 2 4 2
4 5 5 1 3
5 24 1
5 5 3 4 1
4 5 4 5 2
3 2 3 3 2
4 1 3 3 5
3 1 1 2 2
5 25 1
2 1 2 1 3
3 3 4 3 4
4 4 2 3 4
5 1 1 1 4
1 5 5 5 2
5 28 1
1 5 4 5 2
4 3 4 2 1
1 1 4 5 2
2 5 3 5 5
4 5 5 4 2
5 30 1
4 4 5 5 1
2 3 5 5 3
4 5 3 3 1
1 1 5 5 2
2 3 2 1 4
5 32 1
5 5 3 2 4
5 3 1 2 2
1 3 2 3 2
4 2 5 2 5
4 1 2 5 3
6 12 0
2 2 2 2 2
2 2 2 2 2
2 2 2 2 2
2 2 2 2 2
2 2 2 2 2
6 13 0
2 2 2 2 2
2 2 2 2 2
2 2 2 2 2
2 2 2 2 2
2 2 2 2 2
6 15 1
5 1 5 2 5
2 1 2 1 3
1 5 1 2 2
1 3 3 3 5
2 5 5 2 1
6 16 1
5 2 4 5 4
3 2 1 3 4
1 5 3 3 4
3 5 3 2 1
1 2 3 4 2
6 17 0
2 2 2 2 2
2 2 2 2 2
2 2 2 2 2
2 2 2 2 2
2 2 2 2 2
6 18 1
3 2 1 4 4
4 2 5 3 3
4 4 1 2 2
3 4 3 1 2
2 1 3 1 2
6 20 0
1 1 1 1 1
1 1 1 1 1
1 1 1 1 1
1 1 1 1 1
1 1 1 1 1
6 24 1
5 2 3 5 3
1 3 4 2 2
5 5 3 1 5
5 2 2 4 3
4 4 3 3 2
6 25 1
3 5 4 2 4
5 4 2 1 4
2 2 4 4 2
2 3 5 4 1
2 1 2 5 3
6 26 0
2 2 2 2 2
2 2 2 2 2
2 2 2 2 2
2 2 2 2 2
2 2 2 2 2
6 28 1
5 5 1 4 4
4 5 5 1 5
2 4 1 2 4
3 4 4 1 1
2 4 5 2 3
6 31 1
4 1 3 3 3
3 1 2 4 1
4 1 4 5 2
4 1 4 3 1
2 5 1 5 2
6 32 1
3 1 5 1 2
2 1 2 5 1
1 4 4 4 3
3 3 1 4 3
3 4 2 3 4
6 35 1
4 3 5 4 5
1 3 5 4 5
1 5 3 3 4
4 5 1 1 4
1 5 1 4 2
6 37 0
2 2 2 2 2
2 2 2 2 2
2 2 2 2 2
2 2 2 2 2
2 2 2 2 2
6 40 0
1 1 1 1 1
1 1 1 1 1
1 1 1 1 1
1 1 1 1 1
1 1 1 1 1
6 41 0
2 2 2 2 2
2 2 2 2 2
2 2 2 2 2
2 2 2 2 2
2 2 2 2 2
6 42 1
2 3 2 4 5
4 4 4 2 2
1 3 1 1 3
4 4 4 3 3
2 1 5 4 2
6 43 0
1 1 1 1 1
1 1 1 1 1
1 1 1 1 1
1 1 1 1 1
1 1 1 1 1
6 44 0
2 2 2 2 2
2 2 2 2 2
2 2 2 2 2
2 2 2 2 2
2 2 2 2 2
6 46 0
1 1 1 1 1
1 1 1 1 1
1 1 1 1 1
1 1 1 1 1
1 1 1 1 1
6 49 1
3 1 1 2 3
2 2 2 1 2
3 3 1 4 1
3 3 4 3 4
1 3 2 5 3
6 50 1
3 5 2 3 2
1 2 4 4 2
2 3 1 4 3
3 4 1 5 5
3 4 5 2 2
7 33 1
1 1 4 2 2
3 1 2 1 5
4 1 2 2 4
5 5 5 2 4
1 4 4 1 4
7 35 1
4 2 4 4 1
5 2 5 5 4
2 5 2 5 5
1 4 3 5 5
3 3 3 3 4
7 44 0
2 2 2 2 2
2 2 2 2 2
2 2 2 2 2
2 2 2 2 2
2 2 2 2 2
7 39 0
2 2 2 2 2
2 2 2 2 2
2 2 2 2 2
2 2 2 2 2
2 2 2 2 2
7 42 1
3 2 4 1 3
5 3 2 1 3
3 1 4 1 4
4 3 3 3 1
2 2 1 1 4
7 11 1
5 1 1 2 5
3 1 2 3 4
2 4 5 1 2
3 1 2 1 3
5 5 2 1 5
7 45 1
5 2 1 1 3
2 4 4 4 3
4 1 1 2 2
2 1 2 3 2
1 4 3 3 4
7 46 0
1 1 1 1 1
1 1 1 1 1
1 1 1 1 1
1 1 1 1 1
1 1 1 1 1
7 47 1
4 2 2 4 2
5 3 4 4 2
4 1 3 1 5
4 1 5 1 4
2 5 2 4 1
7 48 1
3 3 2 1 5
5 3 3 1 3
1 1 3 3 4
2 5 4 4 3
5 3 1 3 5
7 18 1
2 5 4 5 2
1 1 1 5 2
3 2 4 2 1
3 2 5 2 3
3 2 4 5 1
7 20 1
5 2 2 1 2
4 3 1 2 4
5 5 5 1 4
1 2 4 4 5
2 1 3 2 3
7 15 1
4 1 3 5 1
1 3 5 5 5
5 2 5 2 3
5 3 3 5 2
1 2 3 4 2
7 26 1
2 5 2 3 1
1 5 5 4 3
5 1 5 4 5
4 5 4 1 1
1 5 5 3 3
7 27 0
2 2 2 2 2
2 2 2 2 2
2 2 2 2 2
2 2 2 2 2
2 2 2 2 2
7 30 1
3 3 3 2 3
4 4 4 3 4
3 4 2 3 1
4 4 4 4 4
1 5 5 1 3
8 10 1
1 5 2 1 2
1 3 4 2 5
2 2 2 5 1
5 5 2 3 2
4 3 3 5 1
8 15 0
1 1 1 1 1
1 1 1 1 1
1 1 1 1 1
1 1 1 1 1
1 1 1 1 1
8 17 1
2 2 4 5 1
2 5 4 4 4
2 4 4 4 5
4 2 2 5 3
1 3 1 2 1
8 19 1
2 2 4 3 1
3 5 3 4 5
1 5 5 3 2
1 2 1 5 1
2 2 1 1 1
8 22 1
1 2 5 1 4
4 5 2 5 5
3 1 4 4 2
1 5 5 5 2
2 1 2 1 5
8 23 0
2 2 2 2 2
2 2 2 2 2
2 2 2 2 2
2 2 2 2 2
2 2 2 2 2
8 24 0
1 1 1 1 1
1 1 1 1 1
1 1 1 1 1
1 1 1 1 1
1 1 1 1 1
8 26 1
2 2 5 4 3
1 3 3 1 1
2 5 4 4 3
2 3 2 2 5
1 2 2 3 3
8 27 0
1 1 1 1 1
1 1 1 1 1
1 1 1 1 1
1 1 1 1 1
1 1 1 1 1
8 28 1
1 5 1 1 4
4 3 2 2 3
3 2 1 4 2
2 1 4 3 1
4 4 4 5 4
8 30 1
2 3 4 1 2
3 2 2 3 2
2 2 3 1 2
5 3 4 4 4
5 3 4 4 4
8 32 0
1 1 1 1 1
1 1 1 1 1
1 1 1 1 1
1 1 1 1 1
1 1 1 1 1
8 33 1
5 2 1 1 4
1 5 4 5 1
2 3 1 4 5
2 3 3 3 3
5 2 5 2 5
8 35 0
1 1 1 1 1
1 1 1 1 1
1 1 1 1 1
1 1 1 1 1
1 1 1 1 1
8 37 1
3 2 2 5 5
5 2 4 1 2
5 4 4 1 2
4 2 3 3 3
2 4 5 1 3
8 38 0
2 2 2 2 2
2 2 2 2 2
2 2 2 2 2
2 2 2 2 2
2 2 2 2 2
8 41 1
1 3 4 3 2
1 1 5 4 3
1 5 3 4 3
3 4 3 2 5
5 5 1 2 2
8 42 0
1 1 1 1 1
1 1 1 1 1
1 1 1 1 1
1 1 1 1 1
1 1 1 1 1
8 43 1
2 2 4 2 4
3 2 2 3 2
1 4 4 4 2
1 4 1 2 3
5 5 3 5 2
8 46 1
1 2 4 3 4
5 1 3 1 1
2 5 2 3 1
1 1 3 3 3
1 5 5 3 5
8 48 0
2 2 2 2 2
2 2 2 2 2
2 2 2 2 2
2 2 2 2 2
2 2 2 2 2
8 50 1
4 1 3 3 4
3 4 2 2 3
1 4 1 4 2
2 5 5 2 1
1 5 3 4 1
9 35 0
1 1 1 1 1
1 1 1 1 1
1 1 1 1 1
1 1 1 1 1
1 1 1 1 1
9 18 0
1 1 1 1 1
1 1 1 1 1
1 1 1 1 1
1 1 1 1 1
1 1 1 1 1
9 41 0
1 1 1 1 1
1 1 1 1 1
1 1 1 1 1
1 1 1 1 1
1 1 1 1 1
9 15 0
1 1 1 1 1
1 1 1 1 1
1 1 1 1 1
1 1 1 1 1
1 1 1 1 1
9 40 0
2 2 2 2 2
2 2 2 2 2
2 2 2 2 2
2 2 2 2 2
2 2 2 2 2
9 46 0
1 1 1 1 1
1 1 1 1 1
1 1 1 1 1
1 1 1 1 1
1 1 1 1 1
9 47 1
2 1 2 4 3
2 1 4 1 4
2 3 4 2 2
2 3 5 5 5
3 1 2 1 4
9 48 0
1 1 1 1 1
1 1 1 1 1
1 1 1 1 1
1 1 1 1 1
1 1 1 1 1
9 17 0
2 2 2 2 2
2 2 2 2 2
2 2 2 2 2
2 2 2 2 2
2 2 2 2 2
9 50 1
3 2 2 1 5
4 4 5 4 1
4 4 4 5 5
1 2 1 2 1
1 5 4 2 4
9 21 1
5 5 3 2 5
2 3 4 4 2
4 3 3 4 3
3 5 4 2 3
5 1 5 4 4
9 22 1
1 1 3 4 4
4 4 4 3 3
1 3 2 4 5
2 5 2 2 5
5 3 4 2 4
9 23 0
2 2 2 2 2
2 2 2 2 2
2 2 2 2 2
2 2 2 2 2
2 2 2 2 2
9 28 1
1 4 4 3 2
3 2 4 3 3
3 3 1 1 5
1 4 4 4 5
1 1 1 4 3
9 11 0
2 2 2 2 2
2 2 2 2 2
2 2 2 2 2
2 2 2 2 2
2 2 2 2 2
9 31 1
3 5 2 4 3
4 5 4 5 3
2 5 1 3 3
3 5 1 5 5
2 3 4 4 4
9 32 1
5 3 3 4 1
2 2 4 5 1
2 5 3 5 3
4 5 4 5 2
3 3 1 2 1
10 12 1
2 2 5 5 4
1 1 4 1 1
4 4 3 2 4
2 5 3 4 2
3 4 4 2 3
10 50 0
1 1 1 1 1
1 1 1 1 1
1 1 1 1 1
1 1 1 1 1
1 1 1 1 1
10 13 1
1 4 1 2 5
3 4 2 3 5
2 4 2 5 2
4 2 4 4 2
5 1 5 4 4
10 43 0
1 1 1 1 1
1 1 1 1 1
1 1 1 1 1
1 1 1 1 1
1 1 1 1 1
10 40 1
4 3 1 5 2
4 1 5 5 3
2 5 2 5 4
2 2 2 5 2
1 3 4 1 3
10 45 1
1 2 4 1 4
3 4 5 2 4
5 5 1 5 2
1 4 4 4 4
1 2 2 3 4
10 47 1
1 2 2 3 2
2 5 4 2 1
4 2 5 3 5
4 4 1 2 5
3 2 5 3 1
10 49 0
2 2 2 2 2
2 2 2 2 2
2 2 2 2 2
2 2 2 2 2
2 2 2 2 2
10 18 0
1 1 1 1 1
1 1 1 1 1
1 1 1 1 1
1 1 1 1 1
1 1 1 1 1
10 38 1
5 4 5 5 5
1 1 5 3 3
3 5 3 1 1
2 4 2 4 3
5 4 4 5 2
10 20 1
2 2 5 1 1
1 2 2 4 1
3 3 2 5 5
5 5 5 3 4
5 1 2 1 4
10 21 0
1 1 1 1 1
1 1 1 1 1
1 1 1 1 1
1 1 1 1 1
1 1 1 1 1
10 25 0
2 2 2 2 2
2 2 2 2 2
2 2 2 2 2
2 2 2 2 2
2 2 2 2 2
10 28 1
2 1 3 3 4
5 3 4 1 5
4 1 1 4 1
2 5 2 1 1
2 4 4 2 5
10 29 0
2 2 2 2 2
2 2 2 2 2
2 2 2 2 2
2 2 2 2 2
2 2 2 2 2
10 11 1
5 5 2 3 3
4 3 1 2 2
3 5 4 1 3
5 1 1 2 3
2 2 1 2 4
10 32 0
2 2 2 2 2
2 2 2 2 2
2 2 2 2 2
2 2 2 2 2
2 2 2 2 2
11 15 0
2 2 2 2 2
2 2 2 2 2
2 2 2 2 2
2 2 2 2 2
2 2 2 2 2
11 16 0
1 1 1 1 1
1 1 1 1 1
1 1 1 1 1
1 1 1 1 1
1 1 1 1 1
11 17 1
1 3 1 3 1
3 5 1 1 5
5 1 3 3 3
3 4 4 4 2
3 5 4 4 2
11 20 1
3 5 3 1 5
4 3 5 2 5
3 3 1 2 1
2 3 1 1 4
4 3 4 4 4
11 21 0
2 2 2 2 2
2 2 2 2 2
2 2 2 2 2
2 2 2 2 2
2 2 2 2 2
11 22 0
1 1 1 1 1
1 1 1 1 1
1 1 1 1 1
1 1 1 1 1
1 1 1 1 1
11 27 1
1 4 2 3 3
1 1 5 2 2
3 4 5 1 3
1 5 2 1 5
4 4 4 2 2
11 29 0
1 1 1 1 1
1 1 1 1 1
1 1 1 1 1
1 1 1 1 1
1 1 1 1 1
11 30 1
1 4 4 3 3
3 5 2 2 4
2 1 5 4 3
4 5 5 3 2
4 2 4 3 2
11 31 1
2 3 5 5 1
3 1 4 1 3
4 1 3 3 3
1 5 2 4 5
2 1 3 2 2
11 33 1
4 1 1 1 3
1 5 3 2 1
2 1 2 3 4
5 3 3 3 3
1 5 4 4 3
11 34 0
1 1 1 1 1
1 1 1 1 1
1 1 1 1 1
1 1 1 1 1
1 1 1 1 1
11 35 0
1 1 1 1 1
1 1 1 1 1
1 1 1 1 1
1 1 1 1 1
1 1 1 1 1
11 36 1
4 5 1 3 1
5 3 3 5 2
3 2 3 2 3
4 3 4 5 5
1 4 2 1 5
11 37 0
1 1 1 1 1
1 1 1 1 1
1 1 1 1 1
1 1 1 1 1
1 1 1 1 1
11 41 1
1 5 3 5 3
2 2 1 4 5
5 2 1 4 5
4 5 2 1 2
1 1 2 2 3
11 43 1
2 1 4 1 4
4 2 5 5 2
3 4 3 5 2
3 5 5 1 3
2 3 1 3 1
11 45 1
5 4 1 3 4
3 1 3 1 3
2 5 4 2 1
4 1 3 3 2
2 4 2 4 4
11 46 1
3 5 3 4 5
1 2 4 3 2
5 2 3 3 2
1 1 1 1 1
2 2 5 1 1
11 48 0
1 1 1 1 1
1 1 1 1 1
1 1 1 1 1
1 1 1 1 1
1 1 1 1 1
12 13 0
2 2 2 2 2
2 2 2 2 2
2 2 2 2 2
2 2 2 2 2
2 2 2 2 2
12 17 0
1 1 1 1 1
1 1 1 1 1
1 1 1 1 1
1 1 1 1 1
1 1 1 1 1
12 18 1
2 1 5 3 3
3 1 5 1 5
5 1 2 4 4
1 2 5 4 4
2 5 3 4 5
12 19 1
5 5 4 3 4
5 4 4 4 2
4 5 2 4 1
4 5 2 5 3
4 1 3 3 3
12 20 0
2 2 2 2 2
2 2 2 2 2
2 2 2 2 2
2 2 2 2 2
2 2 2 2 2
12 23 0
2 2 2 2 2
2 2 2 2 2
2 2 2 2 2
2 2 2 2 2
2 2 2 2 2
12 24 1
5 2 5 4 4
3 5 3 1 5
2 3 3 2 5
5 5 4 3 1
1 2 3 1 3
12 25 1
3 3 3 3 5
1 1 5 4 4
3 5 4 1 4
5 5 2 2 4
3 4 4 5 2
12 27 1
2 3 4 2 1
4 1 5 2 1
2 3 2 5 1
5 4 5 2 4
4 4 4 3 1
12 29 1
1 2 1 3 3
1 2 2 3 1
3 1 1 4 4
4 1 4 3 5
5 4 4 2 3
12 33 0
2 2 2 2 2
2 2 2 2 2
2 2 2 2 2
2 2 2 2 2
2 2 2 2 2
12 34 1
1 2 3 5 5
5 4 1 2 1
2 1 2 1 1
3 1 2 2 5
4 4 5 3 1
12 35 0
1 1 1 1 1
1 1 1 1 1
1 1 1 1 1
1 1 1 1 1
1 1 1 1 1
12 38 1
3 5 3 5 5
5 1 5 1 1
1 2 5 4 3
2 3 5 3 3
2 2 4 5 4
12 39 0
1 1 1 1 1
1 1 1 1 1
1 1 1 1 1
1 1 1 1 1
1 1 1 1 1
12 41 1
2 2 4 1 1
3 5 2 4 3
4 5 3 5 4
4 4 1 1 1
3 4 1 5 4
12 42 0
2 2 2 2 2
2 2 2 2 2
2 2 2 2 2
2 2 2 2 2
2 2 2 2 2
12 47 1
2 4 1 4 5
1 2 2 3 3
2 5 5 4 5
3 2 5 4 3
4 4 2 4 1
12 49 0
1 1 1 1 1
1 1 1 1 1
1 1 1 1 1
1 1 1 1 1
1 1 1 1 1
13 15 0
1 1 1 1 1
1 1 1 1 1
1 1 1 1 1
1 1 1 1 1
1 1 1 1 1
13 17 1
2 5 1 4 5
5 5 5 4 4
4 3 3 3 3
4 5 3 5 4
4 2 2 3 1
13 18 1
5 1 2 2 5
2 5 5 5 4
2 5 1 1 5
1 3 2 3 5
2 1 1 4 1
13 22 1
3 5 2 5 3
3 5 5 1 2
4 3 4 2 3
3 4 2 3 1
4 4 4 3 4
13 23 0
2 2 2 2 2
2 2 2 2 2
2 2 2 2 2
2 2 2 2 2
2 2 2 2 2
13 25 0
2 2 2 2 2
2 2 2 2 2
2 2 2 2 2
2 2 2 2 2
2 2 2 2 2
13 26 0
2 2 2 2 2
2 2 2 2 2
2 2 2 2 2
2 2 2 2 2
2 2 2 2 2
13 30 1
2 3 2 5 5
5 4 2 2 2
1 2 1 4 4
2 2 4 1 2
4 4 2 4 5
13 31 0
2 2 2 2 2
2 2 2 2 2
2 2 2 2 2
2 2 2 2 2
2 2 2 2 2
13 33 0
1 1 1 1 1
1 1 1 1 1
1 1 1 1 1
1 1 1 1 1
1 1 1 1 1
13 37 1
5 2 1 3 4
3 1 3 2 2
4 2 2 3 4
1 5 1 1 1
3 1 5 5 5
13 38 1
5 1 1 5 3
2 5 4 1 5
4 3 1 4 2
5 2 3 1 5
4 1 1 1 1
13 40 1
2 2 1 2 3
1 2 4 1 5
5 3 4 3 3
4 1 3 2 5
1 4 5 3 1
13 42 1
2 5 1 4 1
2 3 2 2 1
1 2 1 2 2
2 1 5 3 1
4 4 3 4 3
13 44 1
5 2 1 4 4
5 1 1 1 1
3 1 4 5 1
3 1 2 4 5
3 5 5 2 5
13 45 0
1 1 1 1 1
1 1 1 1 1
1 1 1 1 1
1 1 1 1 1
1 1 1 1 1
13 46 1
4 4 2 5 3
4 3 2 4 1
1 5 1 2 4
5 1 4 4 2
3 2 1 2 2
13 48 0
2 2 2 2 2
2 2 2 2 2
2 2 2 2 2
2 2 2 2 2
2 2 2 2 2
14 33 1
2 2 2 4 2
2 1 3 4 3
3 3 3 2 3
3 3 5 2 3
5 2 3 3 3
14 34 1
3 3 4 1 5
4 4 3 2 3
3 4 1 5 2
1 1 2 2 5
5 4 4 2 3
14 36 0
1 1 1 1 1
1 1 1 1 1
1 1 1 1 1
1 1 1 1 1
1 1 1 1 1
14 37 0
2 2 2 2 2
2 2 2 2 2
2 2 2 2 2
2 2 2 2 2
2 2 2 2 2
14 38 1
1 2 4 1 1
4 5 2 4 2
1 2 2 5 2
3 4 5 4 3
1 2 2 5 2
14 39 1
4 3 4 3 4
1 1 1 2 5
5 1 1 1 5
5 4 3 1 4
4 5 3 3 4
14 40 0
2 2 2 2 2
2 2 2 2 2
2 2 2 2 2
2 2 2 2 2
2 2 2 2 2
14 41 0
2 2 2 2 2
2 2 2 2 2
2 2 2 2 2
2 2 2 2 2
2 2 2 2 2
14 42 1
3 4 1 5 3
1 3 5 3 5
4 4 1 4 5
2 5 4 4 3
3 1 3 3 3
14 44 1
2 5 5 4 3
5 2 4 2 3
3 5 4 4 2
1 5 5 2 3
2 5 1 2 1
14 35 0
1 1 1 1 1
1 1 1 1 1
1 1 1 1 1
1 1 1 1 1
1 1 1 1 1
14 48 0
1 1 1 1 1
1 1 1 1 1
1 1 1 1 1
1 1 1 1 1
1 1 1 1 1
14 49 0
2 2 2 2 2
2 2 2 2 2
2 2 2 2 2
2 2 2 2 2
2 2 2 2 2
14 21 0
2 2 2 2 2
2 2 2 2 2
2 2 2 2 2
2 2 2 2 2
2 2 2 2 2
14 23 0
2 2 2 2 2
2 2 2 2 2
2 2 2 2 2
2 2 2 2 2
2 2 2 2 2
14 25 1
2 5 3 4 4
3 3 2 4 4
3 2 1 4 2
1 1 5 1 4
5 4 4 3 1
14 27 0
2 2 2 2 2
2 2 2 2 2
2 2 2 2 2
2 2 2 2 2
2 2 2 2 2
14 28 0
1 1 1 1 1
1 1 1 1 1
1 1 1 1 1
1 1 1 1 1
1 1 1 1 1
14 29 0
1 1 1 1 1
1 1 1 1 1
1 1 1 1 1
1 1 1 1 1
1 1 1 1 1
14 30 0
1 1 1 1 1
1 1 1 1 1
1 1 1 1 1
1 1 1 1 1
1 1 1 1 1
15 18 0
2 2 2 2 2
2 2 2 2 2
2 2 2 2 2
2 2 2 2 2
2 2 2 2 2
15 19 0
1 1 1 1 1
1 1 1 1 1
1 1 1 1 1
1 1 1 1 1
1 1 1 1 1
15 20 0
2 2 2 2 2
2 2 2 2 2
2 2 2 2 2
2 2 2 2 2
2 2 2 2 2
15 21 0
1 1 1 1 1
1 1 1 1 1
1 1 1 1 1
1 1 1 1 1
1 1 1 1 1
15 22 1
2 1 5 4 2
3 5 2 5 5
1 5 2 1 4
5 3 3 3 3
2 4 1 5 2
15 24 1
5 3 3 5 4
3 3 3 4 2
4 3 3 5 4
2 2 3 2 5
1 5 1 4 1
15 26 0
1 1 1 1 1
1 1 1 1 1
1 1 1 1 1
1 1 1 1 1
1 1 1 1 1
15 28 0
2 2 2 2 2
2 2 2 2 2
2 2 2 2 2
2 2 2 2 2
2 2 2 2 2
15 29 1
3 3 3 5 4
2 1 1 3 1
3 4 1 1 4
3 4 3 1 1
1 1 1 5 3
15 30 0
1 1 1 1 1
1 1 1 1 1
1 1 1 1 1
1 1 1 1 1
1 1 1 1 1
15 32 0
2 2 2 2 2
2 2 2 2 2
2 2 2 2 2
2 2 2 2 2
2 2 2 2 2
15 33 1
2 4 4 2 5
1 2 5 3 2
2 2 5 1 5
4 2 3 1 2
5 1 1 4 2
15 37 1
4 3 3 1 4
1 5 5 2 5
4 4 5 5 4
5 3 5 1 2
2 1 5 5 4
15 38 1
2 1 2 1 3
4 4 5 4 4
2 3 4 1 4
5 2 2 2 1
2 5 2 4 1
15 39 1
2 4 4 4 2
2 2 2 3 2
3 5 1 2 4
4 5 4 1 3
5 4 1 3 5
15 44 1
2 2 3 2 2
2 1 1 5 3
5 1 2 2 1
1 5 5 5 4
1 5 5 4 5
15 50 1
3 3 5 1 1
1 4 2 5 2
5 4 2 5 2
2 5 4 3 4
1 3 5 3 2
16 33 0
2 2 2 2 2
2 2 2 2 2
2 2 2 2 2
2 2 2 2 2
2 2 2 2 2
16 37 0
2 2 2 2 2
2 2 2 2 2
2 2 2 2 2
2 2 2 2 2
2 2 2 2 2
16 40 1
5 2 1 4 3
5 5 3 4 1
3 4 2 2 4
4 1 1 3 5
2 2 1 2 3
16 41 0
2 2 2 2 2
2 2 2 2 2
2 2 2 2 2
2 2 2 2 2
2 2 2 2 2
16 42 1
2 4 5 4 2
1 3 5 2 4
2 1 4 2 2
3 4 1 1 3
3 2 1 2 3
16 45 1
4 2 3 3 4
2 5 5 3 4
1 4 5 2 3
5 2 1 4 1
3 5 4 3 3
16 46 1
4 2 4 5 2
5 5 5 1 3
1 3 5 4 4
3 2 5 5 1
5 5 3 4 2
16 47 0
1 1 1 1 1
1 1 1 1 1
1 1 1 1 1
1 1 1 1 1
1 1 1 1 1
16 48 1
1 3 5 3 1
1 4 3 2 2
4 5 4 3 1
5 4 5 5 4
4 4 1 4 2
16 18 1
5 5 5 2 5
4 1 4 3 5
2 4 2 4 1
3 4 2 4 2
2 2 2 1 4
16 20 1
2 5 4 5 4
2 1 3 3 2
4 2 2 4 1
5 3 4 2 2
1 2 2 1 4
16 25 1
2 5 1 2 3
5 5 5 4 1
5 4 2 1 5
4 5 4 2 3
1 3 4 2 3
16 43 1
1 4 4 4 4
3 2 4 4 2
4 5 2 4 2
4 1 1 3 2
2 3 3 4 5
16 38 0
2 2 2 2 2
2 2 2 2 2
2 2 2 2 2
2 2 2 2 2
2 2 2 2 2
17 21 0
1 1 1 1 1
1 1 1 1 1
1 1 1 1 1
1 1 1 1 1
1 1 1 1 1
17 23 1
3 3 1 2 4
5 3 3 3 5
2 5 3 1 4
5 1 4 4 2
5 4 4 1 5
17 24 0
2 2 2 2 2
2 2 2 2 2
2 2 2 2 2
2 2 2 2 2
2 2 2 2 2
17 27 1
4 3 1 5 5
2 1 4 2 4
3 1 3 5 1
4 4 1 1 5
5 5 2 4 1
17 28 0
1 1 1 1 1
1 1 1 1 1
1 1 1 1 1
1 1 1 1 1
1 1 1 1 1
17 30 1
3 5 1 1 4
4 3 3 2 2
5 1 1 2 5
2 4 3 5 4
1 3 3 4 4
17 32 1
5 3 5 5 3
2 3 4 1 3
1 5 1 3 4
2 2 1 3 3
5 3 3 4 3
17 35 0
2 2 2 2 2
2 2 2 2 2
2 2 2 2 2
2 2 2 2 2
2 2 2 2 2
17 36 1
3 3 2 1 1
2 2 3 5 4
1 1 4 2 1
4 5 3 1 2
5 2 4 2 1
17 37 0
2 2 2 2 2
2 2 2 2 2
2 2 2 2 2
2 2 2 2 2
2 2 2 2 2
17 38 0
2 2 2 2 2
2 2 2 2 2
2 2 2 2 2
2 2 2 2 2
2 2 2 2 2
17 40 1
4 2 1 2 1
2 2 1 3 5
2 5 2 3 3
5 2 2 4 3
4 1 2 3 4
17 42 1
4 2 3 4 1
4 1 5 2 5
5 4 5 3 3
3 2 1 3 4
5 5 3 5 4
17 43 1
1 4 2 5 2
3 4 4 2 4
5 1 4 4 3
5 5 1 1 5
3 4 4 5 4
17 44 0
1 1 1 1 1
1 1 1 1 1
1 1 1 1 1
1 1 1 1 1
1 1 1 1 1
17 45 0
2 2 2 2 2
2 2 2 2 2
2 2 2 2 2
2 2 2 2 2
2 2 2 2 2
17 46 1
5 1 4 3 2
2 1 2 5 5
3 2 4 3 1
1 3 4 5 4
2 4 2 1 1
17 48 0
1 1 1 1 1
1 1 1 1 1
1 1 1 1 1
1 1 1 1 1
1 1 1 1 1
17 49 0
2 2 2 2 2
2 2 2 2 2
2 2 2 2 2
2 2 2 2 2
2 2 2 2 2
17 50 0
2 2 2 2 2
2 2 2 2 2
2 2 2 2 2
2 2 2 2 2
2 2 2 2 2
18 20 1
5 4 3 2 2
5 3 5 5 3
5 4 2 3 5
3 4 4 5 5
2 1 5 4 5
18 22 1
4 1 2 2 2
1 3 5 4 4
2 3 1 1 2
3 5 2 4 4
4 3 2 2 3
18 23 0
1 1 1 1 1
1 1 1 1 1
1 1 1 1 1
1 1 1 1 1
1 1 1 1 1
18 24 1
2 1 2 1 1
1 4 1 1 3
4 1 2 3 3
1 5 3 5 2
4 5 1 4 4
18 26 0
1 1 1 1 1
1 1 1 1 1
1 1 1 1 1
1 1 1 1 1
1 1 1 1 1
18 27 0
1 1 1 1 1
1 1 1 1 1
1 1 1 1 1
1 1 1 1 1
1 1 1 1 1
18 28 1
2 3 1 1 4
2 1 1 1 2
2 4 4 5 3
5 3 2 1 2
5 5 4 3 1
18 29 0
2 2 2 2 2
2 2 2 2 2
2 2 2 2 2
2 2 2 2 2
2 2 2 2 2
18 30 1
4 2 5 4 5
2 5 5 2 3
3 3 2 2 4
4 5 4 3 2
1 3 5 5 4
18 32 1
3 1 5 1 4
1 5 3 4 4
1 2 1 2 1
1 4 2 2 1
1 3 3 4 4
18 33 0
1 1 1 1 1
1 1 1 1 1
1 1 1 1 1
1 1 1 1 1
1 1 1 1 1
18 34 0
1 1 1 1 1
1 1 1 1 1
1 1 1 1 1
1 1 1 1 1
1 1 1 1 1
18 36 0
1 1 1 1 1
1 1 1 1 1
1 1 1 1 1
1 1 1 1 1
1 1 1 1 1
18 41 1
4 3 2 1 1
2 4 3 1 5
5 5 2 5 1
3 5 5 1 1
3 1 4 2 1
18 42 1
5 5 2 1 4
1 1 5 2 3
1 1 4 2 2
3 5 3 4 3
4 2 3 5 3
18 43 1
3 2 1 2 4
3 2 1 3 5
2 5 1 2 3
5 3 3 2 1
5 5 4 4 5
18 46 1
4 1 4 5 2
1 1 3 2 5
5 1 3 2 3
2 5 4 5 5
1 5 5 1 3
18 48 1
1 3 1 3 3
5 4 1 2 5
2 3 5 1 5
3 5 3 3 5
4 2 5 1 5
18 49 0
2 2 2 2 2
2 2 2 2 2
2 2 2 2 2
2 2 2 2 2
2 2 2 2 2
19 46 0
2 2 2 2 2
2 2 2 2 2
2 2 2 2 2
2 2 2 2 2
2 2 2 2 2
19 48 1
5 4 5 5 3
1 4 3 2 5
1 5 1 2 4
1 4 3 1 4
2 4 2 5 5
19 49 1
3 2 3 1 5
5 2 1 2 5
4 2 4 2 4
3 1 3 2 1
4 4 2 4 1
19 50 0
2 2 2 2 2
2 2 2 2 2
2 2 2 2 2
2 2 2 2 2
2 2 2 2 2
19 20 1
3 1 3 3 5
2 4 1 2 2
2 2 2 4 4
5 5 5 2 3
4 5 5 3 4
19 23 0
1 1 1 1 1
1 1 1 1 1
1 1 1 1 1
1 1 1 1 1
1 1 1 1 1
19 27 0
1 1 1 1 1
1 1 1 1 1
1 1 1 1 1
1 1 1 1 1
1 1 1 1 1
19 28 1
2 1 2 5 5
5 5 2 2 5
1 3 4 4 1
5 2 1 1 5
3 4 4 3 5
19 29 1
4 1 1 2 4
5 1 5 3 5
4 1 4 5 2
5 2 3 2 5
5 4 3 3 4
19 31 1
3 1 4 1 1
2 1 2 5 5
3 2 4 4 5
5 2 1 5 3
4 2 4 4 4
19 32 0
1 1 1 1 1
1 1 1 1 1
1 1 1 1 1
1 1 1 1 1
1 1 1 1 1
20 21 1
1 2 3 1 5
1 1 5 4 1
2 3 5 5 4
2 2 2 1 1
5 3 3 2 2
20 22 0
1 1 1 1 1
1 1 1 1 1
1 1 1 1 1
1 1 1 1 1
1 1 1 1 1
20 24 0
2 2 2 2 2
2 2 2 2 2
2 2 2 2 2
2 2 2 2 2
2 2 2 2 2
20 25 0
1 1 1 1 1
1 1 1 1 1
1 1 1 1 1
1 1 1 1 1
1 1 1 1 1
20 26 0
2 2 2 2 2
2 2 2 2 2
2 2 2 2 2
2 2 2 2 2
2 2 2 2 2
20 28 1
3 3 1 3 1
4 5 2 4 5
2 1 4 4 3
5 5 2 2 5
5 3 5 2 2
20 29 1
5 4 3 2 5
1 5 1 3 4
2 4 1 2 3
5 1 2 1 3
3 5 3 4 5
20 30 0
1 1 1 1 1
1 1 1 1 1
1 1 1 1 1
1 1 1 1 1
1 1 1 1 1
20 33 0
1 1 1 1 1
1 1 1 1 1
1 1 1 1 1
1 1 1 1 1
1 1 1 1 1
20 35 1
5 4 4 2 2
1 4 3 5 1
1 5 5 5 1
4 1 5 4 5
4 1 5 1 3
20 36 1
2 1 1 2 1
1 2 4 2 4
1 2 5 5 4
2 3 5 5 4
4 3 3 4 1
20 38 0
2 2 2 2 2
2 2 2 2 2
2 2 2 2 2
2 2 2 2 2
2 2 2 2 2
20 39 1
4 1 5 5 1
5 3 5 2 5
3 3 4 4 1
1 5 4 4 2
1 4 1 4 1
20 40 1
1 4 4 1 3
5 2 2 1 2
3 5 2 4 2
2 1 2 1 1
5 2 1 4 2
20 41 1
1 2 4 1 2
4 3 1 1 1
5 2 4 4 5
2 4 2 2 3
2 3 1 2 5
20 45 0
1 1 1 1 1
1 1 1 1 1
1 1 1 1 1
1 1 1 1 1
1 1 1 1 1
20 47 1
3 5 5 3 4
3 4 2 3 1
1 5 2 5 4
5 5 2 5 4
2 3 3 3 5
20 48 1
5 5 5 5 2
1 1 4 3 3
2 3 3 5 4
3 3 4 4 1
3 1 1 4 5
20 49 0
1 1 1 1 1
1 1 1 1 1
1 1 1 1 1
1 1 1 1 1
1 1 1 1 1
21 24 0
2 2 2 2 2
2 2 2 2 2
2 2 2 2 2
2 2 2 2 2
2 2 2 2 2
21 26 1
4 3 1 2 2
1 3 1 1 2
4 2 3 4 4
3 3 5 3 2
4 3 3 1 4
21 27 1
5 5 4 1 5
4 2 3 5 1
4 2 3 1 3
4 2 4 1 1
1 5 1 1 2
21 30 0
2 2 2 2 2
2 2 2 2 2
2 2 2 2 2
2 2 2 2 2
2 2 2 2 2
21 31 0
2 2 2 2 2
2 2 2 2 2
2 2 2 2 2
2 2 2 2 2
2 2 2 2 2
21 32 0
2 2 2 2 2
2 2 2 2 2
2 2 2 2 2
2 2 2 2 2
2 2 2 2 2
21 33 0
1 1 1 1 1
1 1 1 1 1
1 1 1 1 1
1 1 1 1 1
1 1 1 1 1
21 34 0
2 2 2 2 2
2 2 2 2 2
2 2 2 2 2
2 2 2 2 2
2 2 2 2 2
21 36 1
4 4 3 1 1
2 1 3 1 4
3 5 5 2 3
2 1 5 2 5
2 2 1 5 1
21 37 0
1 1 1 1 1
1 1 1 1 1
1 1 1 1 1
1 1 1 1 1
1 1 1 1 1
21 39 0
1 1 1 1 1
1 1 1 1 1
1 1 1 1 1
1 1 1 1 1
1 1 1 1 1
21 41 0
1 1 1 1 1
1 1 1 1 1
1 1 1 1 1
1 1 1 1 1
1 1 1 1 1
21 43 1
5 5 2 1 1
2 2 5 5 2
1 2 2 5 1
1 5 1 5 1
4 3 3 4 1
21 46 0
2 2 2 2 2
2 2 2 2 2
2 2 2 2 2
2 2 2 2 2
2 2 2 2 2
22 24 0
1 1 1 1 1
1 1 1 1 1
1 1 1 1 1
1 1 1 1 1
1 1 1 1 1
22 28 0
2 2 2 2 2
2 2 2 2 2
2 2 2 2 2
2 2 2 2 2
2 2 2 2 2
22 29 0
2 2 2 2 2
2 2 2 2 2
2 2 2 2 2
2 2 2 2 2
2 2 2 2 2
22 31 0
1 1 1 1 1
1 1 1 1 1
1 1 1 1 1
1 1 1 1 1
1 1 1 1 1
22 32 0
2 2 2 2 2
2 2 2 2 2
2 2 2 2 2
2 2 2 2 2
2 2 2 2 2
22 33 0
2 2 2 2 2
2 2 2 2 2
2 2 2 2 2
2 2 2 2 2
2 2 2 2 2
22 34 1
4 1 5 4 5
4 2 4 3 1
1 1 4 2 1
3 4 5 5 4
3 1 4 4 2
22 35 0
2 2 2 2 2
2 2 2 2 2
2 2 2 2 2
2 2 2 2 2
2 2 2 2 2
22 38 1
5 4 1 5 2
5 4 5 2 5
3 4 5 2 2
2 3 1 3 2
4 5 1 4 1
22 44 0
1 1 1 1 1
1 1 1 1 1
1 1 1 1 1
1 1 1 1 1
1 1 1 1 1
22 45 1
5 5 5 5 1
4 4 1 2 5
1 5 4 2 3
5 4 2 2 4
2 3 3 4 1
22 46 1
5 3 2 5 2
2 3 2 4 5
2 4 2 2 3
1 1 2 4 2
3 5 3 3 4
22 48 0
1 1 1 1 1
1 1 1 1 1
1 1 1 1 1
1 1 1 1 1
1 1 1 1 1
22 49 1
1 3 4 2 4
5 5 5 2 2
5 5 3 1 3
2 5 2 3 1
5 4 5 2 2
23 24 0
2 2 2 2 2
2 2 2 2 2
2 2 2 2 2
2 2 2 2 2
2 2 2 2 2
23 26 0
1 1 1 1 1
1 1 1 1 1
1 1 1 1 1
1 1 1 1 1
1 1 1 1 1
23 30 0
1 1 1 1 1
1 1 1 1 1
1 1 1 1 1
1 1 1 1 1
1 1 1 1 1
23 31 0
1 1 1 1 1
1 1 1 1 1
1 1 1 1 1
1 1 1 1 1
1 1 1 1 1
23 33 0
1 1 1 1 1
1 1 1 1 1
1 1 1 1 1
1 1 1 1 1
1 1 1 1 1
23 34 0
2 2 2 2 2
2 2 2 2 2
2 2 2 2 2
2 2 2 2 2
2 2 2 2 2
23 35 0
2 2 2 2 2
2 2 2 2 2
2 2 2 2 2
2 2 2 2 2
2 2 2 2 2
23 36 0
1 1 1 1 1
1 1 1 1 1
1 1 1 1 1
1 1 1 1 1
1 1 1 1 1
23 38 1
5 1 3 5 4
3 2 5 2 1
3 5 1 1 5
1 2 2 1 4
3 1 2 5 3
23 39 1
3 2 1 2 2
4 3 3 5 1
4 3 1 2 4
5 4 2 3 5
1 2 3 5 5
23 40 1
2 2 4 4 5
1 3 5 5 1
4 3 2 2 3
1 2 2 2 3
1 3 1 1 2
23 41 0
1 1 1 1 1
1 1 1 1 1
1 1 1 1 1
1 1 1 1 1
1 1 1 1 1
23 42 0
1 1 1 1 1
1 1 1 1 1
1 1 1 1 1
1 1 1 1 1
1 1 1 1 1
23 46 1
2 4 5 3 4
5 1 4 3 1
2 4 4 3 1
3 4 5 1 5
4 1 1 4 1
23 47 0
1 1 1 1 1
1 1 1 1 1
1 1 1 1 1
1 1 1 1 1
1 1 1 1 1
24 30 1
1 5 2 2 1
4 5 1 4 3
1 5 5 3 5
1 2 4 1 2
1 3 5 4 4
24 31 0
2 2 2 2 2
2 2 2 2 2
2 2 2 2 2
2 2 2 2 2
2 2 2 2 2
24 33 1
3 3 3 3 2
2 4 5 3 2
5 1 2 4 5
5 5 1 4 3
3 1 3 1 1
24 34 0
1 1 1 1 1
1 1 1 1 1
1 1 1 1 1
1 1 1 1 1
1 1 1 1 1
24 35 1
5 3 1 5 3
5 5 4 4 4
4 3 2 2 5
2 3 3 5 3
5 4 2 5 5
24 36 1
1 3 4 2 4
4 1 5 2 4
1 5 3 5 4
2 2 3 3 1
5 2 4 1 5
24 37 0
1 1 1 1 1
1 1 1 1 1
1 1 1 1 1
1 1 1 1 1
1 1 1 1 1
24 41 0
2 2 2 2 2
2 2 2 2 2
2 2 2 2 2
2 2 2 2 2
2 2 2 2 2
24 43 1
3 3 3 2 5
5 4 2 4 5
1 3 1 4 3
4 5 4 1 1
2 2 4 1 5
24 44 0
2 2 2 2 2
2 2 2 2 2
2 2 2 2 2
2 2 2 2 2
2 2 2 2 2
24 45 1
3 2 3 4 3
5 3 4 1 5
3 4 3 2 3
2 2 5 2 5
2 3 1 2 4
24 46 0
2 2 2 2 2
2 2 2 2 2
2 2 2 2 2
2 2 2 2 2
2 2 2 2 2
24 48 0
1 1 1 1 1
1 1 1 1 1
1 1 1 1 1
1 1 1 1 1
1 1 1 1 1
24 49 1
3 2 3 2 2
2 3 1 5 2
1 3 3 5 5
1 5 1 1 2
3 1 3 1 3
25 29 0
1 1 1 1 1
1 1 1 1 1
1 1 1 1 1
1 1 1 1 1
1 1 1 1 1
25 30 0
1 1 1 1 1
1 1 1 1 1
1 1 1 1 1
1 1 1 1 1
1 1 1 1 1
25 31 1
5 5 4 2 5
1 5 2 4 1
5 4 2 4 5
3 3 4 5 3
2 2 1 4 3
25 32 1
5 1 4 2 2
2 4 1 2 5
2 3 5 5 1
5 4 2 5 1
1 1 1 3 5
25 33 1
4 4 3 3 3
5 2 5 5 3
4 1 4 4 2
4 2 5 1 5
5 4 1 2 1
25 34 0
2 2 2 2 2
2 2 2 2 2
2 2 2 2 2
2 2 2 2 2
2 2 2 2 2
25 37 1
2 2 3 4 4
3 2 5 5 2
3 4 3 1 2
5 5 5 2 2
4 3 2 5 2
25 38 0
1 1 1 1 1
1 1 1 1 1
1 1 1 1 1
1 1 1 1 1
1 1 1 1 1
25 42 0
1 1 1 1 1
1 1 1 1 1
1 1 1 1 1
1 1 1 1 1
1 1 1 1 1
25 44 0
1 1 1 1 1
1 1 1 1 1
1 1 1 1 1
1 1 1 1 1
1 1 1 1 1
25 45 1
4 5 1 1 1
5 2 4 2 3
5 2 1 2 3
4 4 2 2 1
2 1 4 5 5
25 46 0
2 2 2 2 2
2 2 2 2 2
2 2 2 2 2
2 2 2 2 2
2 2 2 2 2
25 47 0
2 2 2 2 2
2 2 2 2 2
2 2 2 2 2
2 2 2 2 2
2 2 2 2 2
25 48 0
2 2 2 2 2
2 2 2 2 2
2 2 2 2 2
2 2 2 2 2
2 2 2 2 2
25 49 0
1 1 1 1 1
1 1 1 1 1
1 1 1 1 1
1 1 1 1 1
1 1 1 1 1
26 29 0
2 2 2 2 2
2 2 2 2 2
2 2 2 2 2
2 2 2 2 2
2 2 2 2 2
26 32 1
3 2 2 4 5
2 2 2 3 5
5 1 3 5 2
5 2 3 1 2
2 2 5 2 5
26 34 0
1 1 1 1 1
1 1 1 1 1
1 1 1 1 1
1 1 1 1 1
1 1 1 1 1
26 35 0
1 1 1 1 1
1 1 1 1 1
1 1 1 1 1
1 1 1 1 1
1 1 1 1 1
26 36 1
5 1 5 1 2
3 5 3 4 2
3 3 5 1 3
4 5 3 2 2
5 1 2 5 1
26 41 0
2 2 2 2 2
2 2 2 2 2
2 2 2 2 2
2 2 2 2 2
2 2 2 2 2
26 42 0
2 2 2 2 2
2 2 2 2 2
2 2 2 2 2
2 2 2 2 2
2 2 2 2 2
26 43 1
4 3 5 2 1
2 1 1 5 5
1 3 1 4 4
1 2 4 1 5
1 2 3 4 1
26 44 1
1 4 1 2 2
3 2 5 3 1
1 2 4 2 4
3 2 3 5 5
4 1 4 2 2
26 46 0
1 1 1 1 1
1 1 1 1 1
1 1 1 1 1
1 1 1 1 1
1 1 1 1 1
26 47 1
3 1 4 1 2
4 2 1 1 5
2 3 2 2 3
5 2 5 2 4
5 4 1 2 4
26 48 1
4 5 3 2 3
1 2 5 5 5
3 5 3 2 5
4 5 2 1 3
3 5 4 3 3
26 49 0
2 2 2 2 2
2 2 2 2 2
2 2 2 2 2
2 2 2 2 2
2 2 2 2 2
26 50 0
2 2 2 2 2
2 2 2 2 2
2 2 2 2 2
2 2 2 2 2
2 2 2 2 2
27 49 0
2 2 2 2 2
2 2 2 2 2
2 2 2 2 2
2 2 2 2 2
2 2 2 2 2
27 37 1
2 4 2 2 1
1 5 5 1 5
4 3 3 4 5
2 5 5 5 1
5 3 5 4 2
27 42 1
2 5 1 1 2
5 1 1 2 4
3 4 2 5 5
2 1 2 5 4
3 2 1 4 2
27 46 1
5 2 4 2 1
1 2 1 5 1
3 2 1 3 2
2 2 4 4 2
1 2 5 5 1
27 48 1
1 1 5 1 3
1 2 5 2 3
3 1 2 2 5
2 4 3 5 1
4 2 1 4 2
27 30 0
2 2 2 2 2
2 2 2 2 2
2 2 2 2 2
2 2 2 2 2
2 2 2 2 2
28 35 0
1 1 1 1 1
1 1 1 1 1
1 1 1 1 1
1 1 1 1 1
1 1 1 1 1
28 36 1
3 1 2 2 3
3 4 5 2 3
2 5 3 1 1
2 2 3 1 1
5 5 4 5 4
28 38 1
5 2 4 3 1
5 2 2 5 4
2 5 5 1 4
5 4 1 2 5
5 3 2 2 5
28 41 0
2 2 2 2 2
2 2 2 2 2
2 2 2 2 2
2 2 2 2 2
2 2 2 2 2
28 44 0
2 2 2 2 2
2 2 2 2 2
2 2 2 2 2
2 2 2 2 2
2 2 2 2 2
28 45 1
3 4 4 5 4
4 3 2 5 2
1 3 5 5 5
3 2 3 2 3
4 5 1 5 4
28 46 0
1 1 1 1 1
1 1 1 1 1
1 1 1 1 1
1 1 1 1 1
1 1 1 1 1
28 50 0
1 1 1 1 1
1 1 1 1 1
1 1 1 1 1
1 1 1 1 1
1 1 1 1 1
29 31 0
1 1 1 1 1
1 1 1 1 1
1 1 1 1 1
1 1 1 1 1
1 1 1 1 1
29 32 0
1 1 1 1 1
1 1 1 1 1
1 1 1 1 1
1 1 1 1 1
1 1 1 1 1
29 34 0
1 1 1 1 1
1 1 1 1 1
1 1 1 1 1
1 1 1 1 1
1 1 1 1 1
29 35 1
1 4 2 1 2
5 2 1 5 5
1 5 5 5 5
2 1 1 5 3
4 5 1 2 5
29 41 0
1 1 1 1 1
1 1 1 1 1
1 1 1 1 1
1 1 1 1 1
1 1 1 1 1
29 42 1
5 5 4 3 4
4 2 4 3 4
4 5 2 5 5
2 3 4 4 2
2 2 2 1 4
29 44 0
1 1 1 1 1
1 1 1 1 1
1 1 1 1 1
1 1 1 1 1
1 1 1 1 1
29 46 0
2 2 2 2 2
2 2 2 2 2
2 2 2 2 2
2 2 2 2 2
2 2 2 2 2
29 48 0
2 2 2 2 2
2 2 2 2 2
2 2 2 2 2
2 2 2 2 2
2 2 2 2 2
29 50 1
3 1 1 1 2
4 3 5 4 4
3 3 1 2 2
5 4 4 3 3
1 4 2 4 5
30 32 1
4 4 2 5 2
2 3 2 4 4
5 5 4 1 4
5 3 1 1 2
2 1 5 3 1
30 33 0
1 1 1 1 1
1 1 1 1 1
1 1 1 1 1
1 1 1 1 1
1 1 1 1 1
30 35 0
1 1 1 1 1
1 1 1 1 1
1 1 1 1 1
1 1 1 1 1
1 1 1 1 1
30 36 0
1 1 1 1 1
1 1 1 1 1
1 1 1 1 1
1 1 1 1 1
1 1 1 1 1
30 42 0
2 2 2 2 2
2 2 2 2 2
2 2 2 2 2
2 2 2 2 2
2 2 2 2 2
30 43 0
2 2 2 2 2
2 2 2 2 2
2 2 2 2 2
2 2 2 2 2
2 2 2 2 2
30 44 1
1 1 4 1 2
2 2 3 4 2
1 1 1 1 1
3 5 3 4 2
4 5 2 3 2
30 45 0
1 1 1 1 1
1 1 1 1 1
1 1 1 1 1
1 1 1 1 1
1 1 1 1 1
30 47 0
1 1 1 1 1
1 1 1 1 1
1 1 1 1 1
1 1 1 1 1
1 1 1 1 1
30 48 1
1 1 3 2 2
1 5 1 5 1
4 3 2 4 4
4 4 3 2 3
2 2 5 1 1
31 33 0
2 2 2 2 2
2 2 2 2 2
2 2 2 2 2
2 2 2 2 2
2 2 2 2 2
31 35 0
1 1 1 1 1
1 1 1 1 1
1 1 1 1 1
1 1 1 1 1
1 1 1 1 1
31 36 1
4 1 2 2 3
1 4 3 1 4
5 5 1 2 4
2 3 1 3 3
5 4 5 2 4
31 39 0
2 2 2 2 2
2 2 2 2 2
2 2 2 2 2
2 2 2 2 2
2 2 2 2 2
31 40 0
1 1 1 1 1
1 1 1 1 1
1 1 1 1 1
1 1 1 1 1
1 1 1 1 1
31 45 1
3 3 3 2 4
5 4 1 5 5
3 4 2 2 3
5 5 4 3 2
2 3 5 3 4
31 47 1
4 1 3 3 5
3 3 2 5 3
4 1 4 5 4
5 2 2 3 1
2 2 1 2 3
31 49 1
4 4 1 4 4
1 3 1 1 5
4 5 2 1 3
2 2 2 4 3
5 5 3 4 2
31 32 1
3 2 5 1 5
1 5 1 5 5
1 3 1 1 5
5 2 4 2 5
2 4 3 2 3
32 33 0
2 2 2 2 2
2 2 2 2 2
2 2 2 2 2
2 2 2 2 2
2 2 2 2 2
32 39 1
4 3 5 3 2
5 1 5 4 5
5 1 2 5 4
4 3 4 2 2
3 4 3 2 2
32 40 1
5 5 3 1 3
5 4 2 4 3
2 5 1 2 1
1 5 3 5 1
5 2 3 5 1
32 43 1
3 2 4 3 3
4 3 4 4 1
5 4 1 4 2
2 1 1 3 3
1 1 1 2 2
32 44 0
2 2 2 2 2
2 2 2 2 2
2 2 2 2 2
2 2 2 2 2
2 2 2 2 2
32 46 0
1 1 1 1 1
1 1 1 1 1
1 1 1 1 1
1 1 1 1 1
1 1 1 1 1
32 48 0
2 2 2 2 2
2 2 2 2 2
2 2 2 2 2
2 2 2 2 2
2 2 2 2 2
32 49 1
4 1 4 4 3
2 4 2 3 4
2 1 1 1 1
4 3 4 4 2
1 4 5 1 5
33 34 1
5 1 5 5 3
3 5 2 3 1
3 5 2 1 5
1 2 4 5 5
2 1 5 1 2
33 36 1
2 5 1 1 5
4 5 5 1 4
5 5 3 2 3
2 1 2 3 5
1 4 2 3 3
33 37 0
2 2 2 2 2
2 2 2 2 2
2 2 2 2 2
2 2 2 2 2
2 2 2 2 2
33 38 0
1 1 1 1 1
1 1 1 1 1
1 1 1 1 1
1 1 1 1 1
1 1 1 1 1
33 40 0
1 1 1 1 1
1 1 1 1 1
1 1 1 1 1
1 1 1 1 1
1 1 1 1 1
33 44 0
1 1 1 1 1
1 1 1 1 1
1 1 1 1 1
1 1 1 1 1
1 1 1 1 1
33 46 0
2 2 2 2 2
2 2 2 2 2
2 2 2 2 2
2 2 2 2 2
2 2 2 2 2
33 50 1
5 1 1 1 1
4 3 2 2 2
5 4 1 4 5
5 3 4 4 1
1 1 2 3 4
34 36 1
1 5 1 5 5
5 2 3 4 2
1 5 1 4 4
3 4 5 2 4
2 2 3 4 5
34 37 0
1 1 1 1 1
1 1 1 1 1
1 1 1 1 1
1 1 1 1 1
1 1 1 1 1
34 39 0
2 2 2 2 2
2 2 2 2 2
2 2 2 2 2
2 2 2 2 2
2 2 2 2 2
34 42 0
1 1 1 1 1
1 1 1 1 1
1 1 1 1 1
1 1 1 1 1
1 1 1 1 1
34 45 1
1 5 1 3 3
1 1 2 2 4
2 4 4 1 5
3 5 3 5 2
3 2 3 1 3
34 47 0
2 2 2 2 2
2 2 2 2 2
2 2 2 2 2
2 2 2 2 2
2 2 2 2 2
34 48 1
1 4 5 3 5
2 1 4 3 3
4 3 4 1 1
5 2 1 3 2
3 4 2 4 2
34 49 1
3 1 5 1 5
4 1 5 5 2
3 5 1 2 2
2 5 3 4 5
5 1 1 2 2
35 37 0
2 2 2 2 2
2 2 2 2 2
2 2 2 2 2
2 2 2 2 2
2 2 2 2 2
35 38 0
2 2 2 2 2
2 2 2 2 2
2 2 2 2 2
2 2 2 2 2
2 2 2 2 2
35 39 1
5 2 2 4 1
5 3 4 5 2
4 2 3 2 3
3 4 3 2 1
4 5 2 1 5
35 40 0
2 2 2 2 2
2 2 2 2 2
2 2 2 2 2
2 2 2 2 2
2 2 2 2 2
35 44 0
2 2 2 2 2
2 2 2 2 2
2 2 2 2 2
2 2 2 2 2
2 2 2 2 2
35 45 1
3 3 3 2 4
3 2 4 2 1
5 2 4 4 2
1 1 2 1 1
1 4 3 2 2
35 47 0
2 2 2 2 2
2 2 2 2 2
2 2 2 2 2
2 2 2 2 2
2 2 2 2 2
35 48 0
2 2 2 2 2
2 2 2 2 2
2 2 2 2 2
2 2 2 2 2
2 2 2 2 2
36 38 1
2 5 5 5 4
3 2 1 5 4
1 1 3 5 2
1 4 2 4 4
3 2 3 3 5
36 41 1
4 5 3 2 2
3 5 4 4 1
2 2 5 1 4
1 5 2 2 5
3 2 2 5 3
36 42 0
2 2 2 2 2
2 2 2 2 2
2 2 2 2 2
2 2 2 2 2
2 2 2 2 2
36 46 1
2 5 1 5 2
1 1 2 4 1
2 1 4 1 1
5 5 2 1 1
5 4 2 5 4
36 47 1
5 2 1 5 4
5 4 3 1 3
4 4 5 5 5
3 1 5 1 4
4 1 2 5 3
36 48 0
2 2 2 2 2
2 2 2 2 2
2 2 2 2 2
2 2 2 2 2
2 2 2 2 2
36 50 1
4 2 1 2 4
1 4 4 5 2
4 4 2 2 4
2 1 2 5 4
2 4 5 5 1
37 39 0
1 1 1 1 1
1 1 1 1 1
1 1 1 1 1
1 1 1 1 1
1 1 1 1 1
37 41 0
2 2 2 2 2
2 2 2 2 2
2 2 2 2 2
2 2 2 2 2
2 2 2 2 2
37 42 0
1 1 1 1 1
1 1 1 1 1
1 1 1 1 1
1 1 1 1 1
1 1 1 1 1
37 45 1
2 4 3 2 4
4 5 1 5 3
3 4 4 2 2
5 5 1 3 1
3 3 4 2 2
37 49 0
2 2 2 2 2
2 2 2 2 2
2 2 2 2 2
2 2 2 2 2
2 2 2 2 2
37 50 0
2 2 2 2 2
2 2 2 2 2
2 2 2 2 2
2 2 2 2 2
2 2 2 2 2
38 39 0
2 2 2 2 2
2 2 2 2 2
2 2 2 2 2
2 2 2 2 2
2 2 2 2 2
38 41 1
2 2 3 2 4
3 5 2 5 2
5 2 5 3 1
2 5 2 1 2
2 1 5 3 4
38 43 1
1 1 3 4 4
3 5 4 3 4
2 2 3 5 3
5 5 3 3 4
4 3 2 1 2
38 44 1
5 5 5 1 4
2 1 4 3 4
4 4 2 4 1
3 2 5 3 4
3 4 3 1 2
38 45 1
2 2 5 2 4
4 1 5 4 3
2 3 4 4 5
3 1 4 3 1
2 3 5 1 5
38 46 0
2 2 2 2 2
2 2 2 2 2
2 2 2 2 2
2 2 2 2 2
2 2 2 2 2
38 47 1
2 5 5 3 1
4 1 3 2 4
1 4 4 4 2
5 5 2 4 5
5 2 4 2 1
38 48 1
1 5 4 2 1
5 1 5 3 1
1 1 5 4 1
4 2 5 5 3
1 3 4 4 1
38 50 1
1 4 3 3 4
4 5 3 2 2
4 2 4 5 4
3 2 1 1 4
4 4 1 5 5
39 40 1
1 4 3 5 4
3 4 3 2 1
4 2 3 5 5
2 3 5 5 4
4 3 1 2 1
39 41 1
3 5 3 5 5
3 2 1 1 4
5 3 1 5 2
5 2 3 4 2
3 3 3 4 3
39 45 0
1 1 1 1 1
1 1 1 1 1
1 1 1 1 1
1 1 1 1 1
1 1 1 1 1
39 47 1
4 2 1 4 2
4 2 5 1 1
3 5 3 2 1
3 2 1 3 1
1 1 2 1 1
39 49 1
4 4 3 5 2
4 3 1 5 2
4 2 2 5 3
5 5 2 5 3
5 4 1 2 3
39 50 0
1 1 1 1 1
1 1 1 1 1
1 1 1 1 1
1 1 1 1 1
1 1 1 1 1
40 43 1
5 5 5 4 1
2 5 1 3 4
5 2 3 5 3
4 4 3 1 5
3 2 4 3 1
40 44 1
4 2 5 3 4
4 5 4 4 1
2 3 4 5 5
3 5 1 5 5
1 1 2 4 5
40 46 1
4 3 5 2 3
4 5 4 4 4
4 1 3 3 3
2 3 5 4 2
5 3 1 2 4
40 45 1
3 5 1 3 4
3 2 1 4 2
3 4 3 1 5
3 2 2 3 3
4 2 2 4 2
41 43 1
5 3 1 2 5
1 2 3 4 2
4 1 1 5 1
2 3 4 3 5
5 1 2 2 2
41 44 0
2 2 2 2 2
2 2 2 2 2
2 2 2 2 2
2 2 2 2 2
2 2 2 2 2
41 45 1
4 5 2 2 4
1 4 5 5 1
1 3 2 4 1
5 3 4 4 4
2 3 5 4 3
41 46 0
2 2 2 2 2
2 2 2 2 2
2 2 2 2 2
2 2 2 2 2
2 2 2 2 2
41 47 1
3 1 1 3 5
5 5 4 5 5
1 4 3 5 1
5 2 1 3 2
4 1 5 4 4
41 48 1
1 1 2 5 3
2 5 1 1 4
1 4 5 3 2
2 1 2 3 2
5 2 1 4 5
41 49 1
2 2 1 5 3
5 3 3 3 5
5 1 2 3 2
3 3 5 3 3
4 4 3 5 4
41 50 0
1 1 1 1 1
1 1 1 1 1
1 1 1 1 1
1 1 1 1 1
1 1 1 1 1
42 43 1
1 1 2 3 1
2 3 2 5 5
4 2 1 3 4
2 2 1 3 2
2 1 5 5 5
43 45 0
1 1 1 1 1
1 1 1 1 1
1 1 1 1 1
1 1 1 1 1
1 1 1 1 1
43 46 1
4 5 3 1 1
3 4 4 2 4
3 3 2 1 4
4 5 1 4 2
2 4 2 5 3
43 47 1
3 3 1 1 2
2 2 4 4 4
1 2 4 1 5
1 4 5 3 5
1 4 4 1 1
43 48 0
1 1 1 1 1
1 1 1 1 1
1 1 1 1 1
1 1 1 1 1
1 1 1 1 1
43 49 0
1 1 1 1 1
1 1 1 1 1
1 1 1 1 1
1 1 1 1 1
1 1 1 1 1
44 45 1
5 3 3 1 2
4 3 1 3 1
3 3 4 1 4
5 2 5 3 4
3 3 4 1 5
44 50 1
4 5 2 2 3
3 5 2 5 1
5 3 2 4 1
1 3 4 3 3
3 1 1 4 2
45 46 0
2 2 2 2 2
2 2 2 2 2
2 2 2 2 2
2 2 2 2 2
2 2 2 2 2
45 47 1
2 3 1 5 3
4 5 5 5 3
3 2 5 3 5
4 4 2 1 2
5 4 1 1 5
45 48 1
5 2 4 2 1
1 1 3 3 3
2 2 3 5 5
5 3 2 2 4
2 2 2 4 1
45 50 0
2 2 2 2 2
2 2 2 2 2
2 2 2 2 2
2 2 2 2 2
2 2 2 2 2
46 49 1
3 3 2 4 3
2 1 5 3 2
3 4 3 3 2
1 1 4 4 2
1 5 2 4 1
46 50 0
2 2 2 2 2
2 2 2 2 2
2 2 2 2 2
2 2 2 2 2
2 2 2 2 2
47 48 0
1 1 1 1 1
1 1 1 1 1
1 1 1 1 1
1 1 1 1 1
1 1 1 1 1
47 50 1
2 3 2 3 2
2 4 5 2 1
5 4 3 4 4
1 1 5 5 2
5 5 2 2 5
49 50 0
2 2 2 2 2
2 2 2 2 2
2 2 2 2 2
2 2 2 2 2
2 2 2 2 2
