50 122 1
1 10
1 3 1
4 10 9 3 4 3 6 10 1 8
8 1 1 4 5 2 2 9 2 2
10 1 10 3 3 2 2 7 10 2
1 9 2 3 2 5 8 6 1 3
10 4 1 5 9 6 5 10 1 10
9 8 4 8 6 7 2 5 6 5
7 1 9 1 6 1 7 6 6 3
10 4 9 1 2 2 3 1 4 5
9 7 7 10 6 5 1 1 6 5
5 1 6 4 1 9 10 7 5 5
1 36 1
2 1 7 10 8 1 8 6 9 7
2 2 4 4 9 5 3 9 2 4
2 5 3 10 6 8 7 4 5 3
6 8 1 6 6 7 2 3 4 2
1 4 4 5 1 5 9 6 1 9
5 2 2 7 1 2 5 6 2 5
4 4 9 2 8 4 7 3 4 4
4 9 7 9 6 10 1 1 8 1
1 5 2 1 2 6 2 6 3 1
1 1 2 10 9 2 2 5 9 7
1 10 1
3 8 5 3 6 7 8 3 7 8
1 2 1 9 5 8 7 7 1 6
4 2 6 2 4 1 6 4 9 2
1 1 2 8 4 4 5 8 9 1
2 10 7 8 5 4 2 6 1 2
10 6 3 8 10 9 1 10 1 7
8 7 1 10 8 9 8 4 10 4
1 6 1 7 7 10 4 1 5 4
9 9 4 8 7 8 2 1 6 6
5 9 5 5 3 8 9 9 7 4
1 25 0
1 1 1 1 1 1 1 1 1 1
1 1 1 1 1 1 1 1 1 1
1 1 1 1 1 1 1 1 1 1
1 1 1 1 1 1 1 1 1 1
1 1 1 1 1 1 1 1 1 1
1 1 1 1 1 1 1 1 1 1
1 1 1 1 1 1 1 1 1 1
1 1 1 1 1 1 1 1 1 1
1 1 1 1 1 1 1 1 1 1
1 1 1 1 1 1 1 1 1 1
1 28 1
2 5 10 1 9 4 9 10 7 3
3 5 7 5 2 3 2 8 5 6
7 6 5 5 7 6 6 10 1 6
7 6 10 4 6 8 6 2 4 5
10 9 1 7 8 4 1 2 8 9
10 3 3 9 3 1 1 8 3 1
8 2 1 1 5 5 3 5 7 9
7 7 4 6 8 7 2 9 6 3
4 7 8 8 8 8 7 5 5 7
5 1 5 2 4 4 1 9 4 9
1 29 1
10 8 2 6 10 4 7 9 4 5
5 8 8 10 9 9 10 8 5 10
6 2 8 2 5 3 4 3 10 6
1 4 3 8 1 10 7 8 2 9
7 7 6 8 8 9 1 9 4 2
9 9 7 4 5 2 7 2 2 10
5 10 8 8 10 10 6 4 6 8
4 5 8 4 4 5 2 3 8 10
8 4 6 5 1 5 8 10 4 2
2 1 7 9 9 7 7 7 3 2
2 26 1
4 5 3 2 3 5 5 10 5 3
10 9 9 4 8 5 5 5 5 7
5 5 6 9 10 8 5 1 3 7
5 4 5 5 3 1 7 6 6 5
9 8 2 10 4 10 9 4 9 8
5 6 9 1 8 8 9 9 1 2
10 3 5 3 5 10 8 3 8 3
5 5 1 7 10 7 2 7 4 2
1 7 2 8 5 2 6 5 3 6
9 5 6 9 2 6 9 2 7 4
2 35 1
10 5 9 2 9 5 5 6 3 6
1 1 6 3 2 4 6 5 3 10
10 8 3 6 10 7 1 2 7 6
5 2 2 10 5 6 1 6 8 9
1 5 8 6 8 4 10 7 1 2
8 6 6 3 1 5 8 1 5 1
2 2 6 5 8 1 4 6 10 3
1 8 1 5 9 5 7 10 9 1
2 9 10 5 6 7 1 4 7 5
5 5 8 3 7 5 1 6 9 3
2 22 0
2 2 2 2 2 2 2 2 2 2
2 2 2 2 2 2 2 2 2 2
2 2 2 2 2 2 2 2 2 2
2 2 2 2 2 2 2 2 2 2
2 2 2 2 2 2 2 2 2 2
2 2 2 2 2 2 2 2 2 2
2 2 2 2 2 2 2 2 2 2
2 2 2 2 2 2 2 2 2 2
2 2 2 2 2 2 2 2 2 2
2 2 2 2 2 2 2 2 2 2
3 34 0
1 1 1 1 1 1 1 1 1 1
1 1 1 1 1 1 1 1 1 1
1 1 1 1 1 1 1 1 1 1
1 1 1 1 1 1 1 1 1 1
1 1 1 1 1 1 1 1 1 1
1 1 1 1 1 1 1 1 1 1
1 1 1 1 1 1 1 1 1 1
1 1 1 1 1 1 1 1 1 1
1 1 1 1 1 1 1 1 1 1
1 1 1 1 1 1 1 1 1 1
3 29 0
1 1 1 1 1 1 1 1 1 1
1 1 1 1 1 1 1 1 1 1
1 1 1 1 1 1 1 1 1 1
1 1 1 1 1 1 1 1 1 1
1 1 1 1 1 1 1 1 1 1
1 1 1 1 1 1 1 1 1 1
1 1 1 1 1 1 1 1 1 1
1 1 1 1 1 1 1 1 1 1
1 1 1 1 1 1 1 1 1 1
1 1 1 1 1 1 1 1 1 1
3 46 0
2 2 2 2 2 2 2 2 2 2
2 2 2 2 2 2 2 2 2 2
2 2 2 2 2 2 2 2 2 2
2 2 2 2 2 2 2 2 2 2
2 2 2 2 2 2 2 2 2 2
2 2 2 2 2 2 2 2 2 2
2 2 2 2 2 2 2 2 2 2
2 2 2 2 2 2 2 2 2 2
2 2 2 2 2 2 2 2 2 2
2 2 2 2 2 2 2 2 2 2
3 15 0
2 2 2 2 2 2 2 2 2 2
2 2 2 2 2 2 2 2 2 2
2 2 2 2 2 2 2 2 2 2
2 2 2 2 2 2 2 2 2 2
2 2 2 2 2 2 2 2 2 2
2 2 2 2 2 2 2 2 2 2
2 2 2 2 2 2 2 2 2 2
2 2 2 2 2 2 2 2 2 2
2 2 2 2 2 2 2 2 2 2
2 2 2 2 2 2 2 2 2 2
5 6 0
2 2 2 2 2 2 2 2 2 2
2 2 2 2 2 2 2 2 2 2
2 2 2 2 2 2 2 2 2 2
2 2 2 2 2 2 2 2 2 2
2 2 2 2 2 2 2 2 2 2
2 2 2 2 2 2 2 2 2 2
2 2 2 2 2 2 2 2 2 2
2 2 2 2 2 2 2 2 2 2
2 2 2 2 2 2 2 2 2 2
2 2 2 2 2 2 2 2 2 2
5 40 0
2 2 2 2 2 2 2 2 2 2
2 2 2 2 2 2 2 2 2 2
2 2 2 2 2 2 2 2 2 2
2 2 2 2 2 2 2 2 2 2
2 2 2 2 2 2 2 2 2 2
2 2 2 2 2 2 2 2 2 2
2 2 2 2 2 2 2 2 2 2
2 2 2 2 2 2 2 2 2 2
2 2 2 2 2 2 2 2 2 2
2 2 2 2 2 2 2 2 2 2
5 17 0
1 1 1 1 1 1 1 1 1 1
1 1 1 1 1 1 1 1 1 1
1 1 1 1 1 1 1 1 1 1
1 1 1 1 1 1 1 1 1 1
1 1 1 1 1 1 1 1 1 1
1 1 1 1 1 1 1 1 1 1
1 1 1 1 1 1 1 1 1 1
1 1 1 1 1 1 1 1 1 1
1 1 1 1 1 1 1 1 1 1
1 1 1 1 1 1 1 1 1 1
5 20 0
2 2 2 2 2 2 2 2 2 2
2 2 2 2 2 2 2 2 2 2
2 2 2 2 2 2 2 2 2 2
2 2 2 2 2 2 2 2 2 2
2 2 2 2 2 2 2 2 2 2
2 2 2 2 2 2 2 2 2 2
2 2 2 2 2 2 2 2 2 2
2 2 2 2 2 2 2 2 2 2
2 2 2 2 2 2 2 2 2 2
2 2 2 2 2 2 2 2 2 2
5 24 0
2 2 2 2 2 2 2 2 2 2
2 2 2 2 2 2 2 2 2 2
2 2 2 2 2 2 2 2 2 2
2 2 2 2 2 2 2 2 2 2
2 2 2 2 2 2 2 2 2 2
2 2 2 2 2 2 2 2 2 2
2 2 2 2 2 2 2 2 2 2
2 2 2 2 2 2 2 2 2 2
2 2 2 2 2 2 2 2 2 2
2 2 2 2 2 2 2 2 2 2
5 32 1
10 8 5 8 3 4 8 4 6 7
1 6 4 9 10 2 6 4 6 5
3 4 8 6 2 10 9 3 4 9
10 7 4 4 7 4 1 8 5 1
6 4 4 1 7 1 2 5 7 4
8 1 1 8 8 10 8 8 6 9
4 4 4 10 7 8 3 4 10 2
8 5 10 9 1 1 3 3 10 8
6 9 10 3 9 4 4 3 5 1
1 10 7 6 3 6 10 6 3 9
6 41 0
2 2 2 2 2 2 2 2 2 2
2 2 2 2 2 2 2 2 2 2
2 2 2 2 2 2 2 2 2 2
2 2 2 2 2 2 2 2 2 2
2 2 2 2 2 2 2 2 2 2
2 2 2 2 2 2 2 2 2 2
2 2 2 2 2 2 2 2 2 2
2 2 2 2 2 2 2 2 2 2
2 2 2 2 2 2 2 2 2 2
2 2 2 2 2 2 2 2 2 2
6 43 1
5 2 5 3 3 10 3 1 1 10
7 8 10 8 6 1 10 10 8 6
5 6 2 5 4 5 4 6 6 6
1 5 4 7 9 2 3 10 7 1
1 5 6 7 5 2 1 2 10 4
6 9 10 7 4 2 1 10 2 3
5 8 5 9 5 8 2 3 1 7
7 6 2 7 8 7 9 7 3 8
3 2 3 4 7 7 3 8 1 10
5 9 5 10 1 1 7 7 6 2
6 12 1
9 8 2 5 8 3 9 8 4 10
2 7 5 1 3 1 3 6 6 5
9 8 8 10 1 5 2 5 1 1
9 4 8 6 7 10 4 7 3 8
10 4 6 8 7 3 2 2 10 6
7 3 6 1 3 10 8 5 4 2
6 5 8 3 1 7 10 4 4 10
2 4 5 6 8 6 6 6 4 1
7 6 3 5 8 7 6 4 3 9
10 2 6 2 7 4 5 7 9 9
6 13 1
3 6 2 1 2 10 2 1 1 10
9 8 4 8 6 8 2 5 4 5
5 8 10 7 1 4 6 10 2 1
9 5 2 8 2 3 6 3 8 9
3 2 7 4 9 8 7 4 8 10
7 6 8 3 2 9 1 5 3 7
9 5 6 4 1 4 10 4 7 5
7 10 8 10 10 4 1 10 10 5
8 7 9 2 2 10 3 6 8 2
7 10 1 1 3 4 10 9 5 10
6 50 1
8 9 8 2 10 10 7 9 2 2
2 9 3 3 3 8 2 2 1 6
3 2 7 3 3 10 4 1 2 3
4 5 2 5 5 2 4 5 2 8
3 9 6 5 8 9 2 5 6 2
8 3 9 4 8 3 10 6 6 7
6 10 4 7 3 8 10 6 7 3
9 4 1 6 9 4 9 9 4 10
4 7 2 10 5 6 6 7 6 8
10 1 8 8 8 5 9 8 9 3
6 24 1
2 10 10 2 1 1 9 4 2 6
7 6 10 3 8 10 8 2 9 10
1 10 9 6 1 3 3 9 8 1
6 9 3 9 3 8 5 4 8 6
8 3 10 8 4 10 4 1 7 9
8 4 6 4 2 3 2 4 6 2
3 1 10 1 3 4 5 1 5 3
3 3 6 9 6 5 5 3 6 8
2 4 6 7 1 2 3 6 5 9
7 3 5 2 8 5 8 2 5 2
6 28 0
1 1 1 1 1 1 1 1 1 1
1 1 1 1 1 1 1 1 1 1
1 1 1 1 1 1 1 1 1 1
1 1 1 1 1 1 1 1 1 1
1 1 1 1 1 1 1 1 1 1
1 1 1 1 1 1 1 1 1 1
1 1 1 1 1 1 1 1 1 1
1 1 1 1 1 1 1 1 1 1
1 1 1 1 1 1 1 1 1 1
1 1 1 1 1 1 1 1 1 1
7 11 0
1 1 1 1 1 1 1 1 1 1
1 1 1 1 1 1 1 1 1 1
1 1 1 1 1 1 1 1 1 1
1 1 1 1 1 1 1 1 1 1
1 1 1 1 1 1 1 1 1 1
1 1 1 1 1 1 1 1 1 1
1 1 1 1 1 1 1 1 1 1
1 1 1 1 1 1 1 1 1 1
1 1 1 1 1 1 1 1 1 1
1 1 1 1 1 1 1 1 1 1
7 27 0
2 2 2 2 2 2 2 2 2 2
2 2 2 2 2 2 2 2 2 2
2 2 2 2 2 2 2 2 2 2
2 2 2 2 2 2 2 2 2 2
2 2 2 2 2 2 2 2 2 2
2 2 2 2 2 2 2 2 2 2
2 2 2 2 2 2 2 2 2 2
2 2 2 2 2 2 2 2 2 2
2 2 2 2 2 2 2 2 2 2
2 2 2 2 2 2 2 2 2 2
8 35 1
10 7 1 10 9 9 10 4 9 7
8 4 10 1 1 2 9 2 7 9
2 9 4 6 5 8 9 2 9 8
2 8 6 3 3 2 6 10 9 9
7 6 1 5 5 9 6 2 7 8
2 8 5 5 5 3 8 2 7 10
7 5 8 8 1 10 10 8 2 6
10 8 1 9 6 8 6 8 1 6
4 1 6 3 8 9 5 10 8 6
3 5 1 5 4 3 5 9 8 5
8 27 1
9 5 3 5 4 2 9 8 2 10
2 10 5 1 2 7 9 7 3 1
7 6 2 2 7 2 9 1 5 7
10 10 10 6 4 8 1 8 9 10
3 6 10 9 1 4 8 3 10 8
9 8 5 8 2 8 7 10 4 5
7 8 10 3 9 9 8 7 7 2
4 2 9 1 4 8 5 10 7 4
7 8 2 7 2 5 7 3 10 5
9 3 5 5 7 4 7 3 4 9
9 46 1
10 5 7 3 3 4 4 5 1 7
4 3 4 2 1 3 6 9 1 8
10 10 10 4 6 10 5 9 9 9
4 2 10 6 2 3 10 6 6 6
5 4 7 6 8 1 5 2 8 9
3 9 4 8 10 7 1 5 6 6
9 5 2 8 5 9 7 1 9 9
5 3 3 6 4 2 7 5 7 4
5 1 9 8 4 8 3 2 6 3
9 9 3 1 7 3 5 6 2 10
9 23 0
2 2 2 2 2 2 2 2 2 2
2 2 2 2 2 2 2 2 2 2
2 2 2 2 2 2 2 2 2 2
2 2 2 2 2 2 2 2 2 2
2 2 2 2 2 2 2 2 2 2
2 2 2 2 2 2 2 2 2 2
2 2 2 2 2 2 2 2 2 2
2 2 2 2 2 2 2 2 2 2
2 2 2 2 2 2 2 2 2 2
2 2 2 2 2 2 2 2 2 2
10 49 1
9 6 9 1 10 2 10 2 8 6
7 3 8 1 7 8 4 6 6 3
1 8 7 1 8 6 2 5 5 7
8 8 1 9 2 10 2 9 7 8
5 8 10 2 1 5 7 4 2 4
5 8 10 9 2 4 5 7 3 5
1 5 7 10 8 4 3 10 9 5
9 7 7 8 4 7 9 2 9 10
5 10 7 6 7 9 8 7 8 4
3 10 7 7 3 6 2 6 1 6
10 18 0
2 2 2 2 2 2 2 2 2 2
2 2 2 2 2 2 2 2 2 2
2 2 2 2 2 2 2 2 2 2
2 2 2 2 2 2 2 2 2 2
2 2 2 2 2 2 2 2 2 2
2 2 2 2 2 2 2 2 2 2
2 2 2 2 2 2 2 2 2 2
2 2 2 2 2 2 2 2 2 2
2 2 2 2 2 2 2 2 2 2
2 2 2 2 2 2 2 2 2 2
10 29 0
2 2 2 2 2 2 2 2 2 2
2 2 2 2 2 2 2 2 2 2
2 2 2 2 2 2 2 2 2 2
2 2 2 2 2 2 2 2 2 2
2 2 2 2 2 2 2 2 2 2
2 2 2 2 2 2 2 2 2 2
2 2 2 2 2 2 2 2 2 2
2 2 2 2 2 2 2 2 2 2
2 2 2 2 2 2 2 2 2 2
2 2 2 2 2 2 2 2 2 2
10 50 0
1 1 1 1 1 1 1 1 1 1
1 1 1 1 1 1 1 1 1 1
1 1 1 1 1 1 1 1 1 1
1 1 1 1 1 1 1 1 1 1
1 1 1 1 1 1 1 1 1 1
1 1 1 1 1 1 1 1 1 1
1 1 1 1 1 1 1 1 1 1
1 1 1 1 1 1 1 1 1 1
1 1 1 1 1 1 1 1 1 1
1 1 1 1 1 1 1 1 1 1
11 16 1
6 7 7 3 2 1 9 5 1 5
10 7 4 4 3 1 4 7 5 1
7 8 1 6 5 7 1 5 9 8
4 4 6 8 8 2 8 8 7 7
5 5 3 9 1 4 3 1 1 6
3 4 5 9 10 1 8 3 2 8
10 1 5 8 6 4 6 7 6 8
9 1 1 1 9 9 9 5 10 5
2 10 7 4 5 6 6 6 10 10
9 2 1 7 8 2 1 4 9 4
12 49 1
9 2 8 6 5 3 3 9 8 2
10 3 6 2 1 2 5 3 4 7
5 9 4 7 7 4 6 4 7 1
7 10 2 7 4 9 4 2 8 9
10 9 8 2 5 9 1 3 3 2
3 2 3 8 5 9 2 5 3 2
8 6 10 10 9 9 5 1 4 3
7 7 8 8 1 3 4 6 4 7
3 6 2 8 3 7 1 10 10 5
7 8 1 10 7 10 1 7 9 2
12 33 1
1 4 1 1 2 2 1 4 5 5
4 1 5 8 4 6 5 7 3 2
8 5 1 7 6 3 10 2 9 2
2 8 3 2 4 2 9 3 8 1
4 9 6 5 10 5 3 6 3 6
7 2 7 7 6 6 6 4 1 7
6 10 1 9 8 5 10 5 8 5
9 6 9 10 1 7 3 2 10 4
3 6 7 7 10 2 1 6 8 9
6 5 3 7 9 2 1 2 2 10
12 17 1
10 6 1 9 7 2 3 1 8 1
5 10 4 6 8 3 8 10 1 10
3 6 6 1 4 3 9 2 9 5
3 5 4 3 7 6 8 6 8 10
7 5 7 9 1 6 6 3 6 7
1 4 5 7 7 4 6 3 3 5
3 8 2 6 8 6 5 10 8 4
4 1 6 4 5 7 3 1 1 3
9 6 5 8 1 5 7 8 2 9
4 1 7 3 9 7 6 1 8 1
13 37 0
2 2 2 2 2 2 2 2 2 2
2 2 2 2 2 2 2 2 2 2
2 2 2 2 2 2 2 2 2 2
2 2 2 2 2 2 2 2 2 2
2 2 2 2 2 2 2 2 2 2
2 2 2 2 2 2 2 2 2 2
2 2 2 2 2 2 2 2 2 2
2 2 2 2 2 2 2 2 2 2
2 2 2 2 2 2 2 2 2 2
2 2 2 2 2 2 2 2 2 2
13 42 1
6 3 1 2 7 8 6 4 3 1
6 3 2 5 6 2 1 7 1 3
6 5 4 2 7 2 2 8 1 5
3 5 4 8 3 8 7 1 1 8
6 4 3 7 6 4 1 3 3 10
3 6 1 6 9 7 1 6 6 6
1 7 10 10 9 8 5 8 5 6
3 6 4 9 7 3 7 10 7 7
9 3 7 4 2 4 7 5 7 1
1 7 3 1 8 7 7 7 9 2
13 44 0
2 2 2 2 2 2 2 2 2 2
2 2 2 2 2 2 2 2 2 2
2 2 2 2 2 2 2 2 2 2
2 2 2 2 2 2 2 2 2 2
2 2 2 2 2 2 2 2 2 2
2 2 2 2 2 2 2 2 2 2
2 2 2 2 2 2 2 2 2 2
2 2 2 2 2 2 2 2 2 2
2 2 2 2 2 2 2 2 2 2
2 2 2 2 2 2 2 2 2 2
13 48 1
1 1 4 8 3 7 3 3 8 6
2 1 1 4 1 9 1 6 9 10
8 1 4 5 6 6 3 8 10 4
9 8 1 6 7 9 6 4 5 4
9 7 2 1 2 2 4 1 3 3
3 9 8 5 6 4 8 8 6 9
10 6 7 6 10 7 3 10 8 2
6 3 6 9 3 5 5 10 3 10
10 10 7 4 5 9 8 2 9 3
1 10 3 8 9 9 1 5 6 1
13 22 1
2 10 8 2 6 5 5 1 10 2
4 1 6 6 8 10 10 4 9 8
5 8 1 2 9 4 7 9 2 3
6 4 7 2 4 2 9 2 7 10
10 10 1 4 5 9 10 2 5 5
6 7 1 7 3 2 10 6 5 8
2 8 2 1 6 10 2 7 5 5
5 7 7 9 3 6 7 6 10 6
10 4 3 5 7 6 1 3 1 8
4 4 7 5 3 9 3 10 3 10
13 23 0
2 2 2 2 2 2 2 2 2 2
2 2 2 2 2 2 2 2 2 2
2 2 2 2 2 2 2 2 2 2
2 2 2 2 2 2 2 2 2 2
2 2 2 2 2 2 2 2 2 2
2 2 2 2 2 2 2 2 2 2
2 2 2 2 2 2 2 2 2 2
2 2 2 2 2 2 2 2 2 2
2 2 2 2 2 2 2 2 2 2
2 2 2 2 2 2 2 2 2 2
13 30 0
1 1 1 1 1 1 1 1 1 1
1 1 1 1 1 1 1 1 1 1
1 1 1 1 1 1 1 1 1 1
1 1 1 1 1 1 1 1 1 1
1 1 1 1 1 1 1 1 1 1
1 1 1 1 1 1 1 1 1 1
1 1 1 1 1 1 1 1 1 1
1 1 1 1 1 1 1 1 1 1
1 1 1 1 1 1 1 1 1 1
1 1 1 1 1 1 1 1 1 1
13 31 0
2 2 2 2 2 2 2 2 2 2
2 2 2 2 2 2 2 2 2 2
2 2 2 2 2 2 2 2 2 2
2 2 2 2 2 2 2 2 2 2
2 2 2 2 2 2 2 2 2 2
2 2 2 2 2 2 2 2 2 2
2 2 2 2 2 2 2 2 2 2
2 2 2 2 2 2 2 2 2 2
2 2 2 2 2 2 2 2 2 2
2 2 2 2 2 2 2 2 2 2
14 41 0
1 1 1 1 1 1 1 1 1 1
1 1 1 1 1 1 1 1 1 1
1 1 1 1 1 1 1 1 1 1
1 1 1 1 1 1 1 1 1 1
1 1 1 1 1 1 1 1 1 1
1 1 1 1 1 1 1 1 1 1
1 1 1 1 1 1 1 1 1 1
1 1 1 1 1 1 1 1 1 1
1 1 1 1 1 1 1 1 1 1
1 1 1 1 1 1 1 1 1 1
14 49 0
1 1 1 1 1 1 1 1 1 1
1 1 1 1 1 1 1 1 1 1
1 1 1 1 1 1 1 1 1 1
1 1 1 1 1 1 1 1 1 1
1 1 1 1 1 1 1 1 1 1
1 1 1 1 1 1 1 1 1 1
1 1 1 1 1 1 1 1 1 1
1 1 1 1 1 1 1 1 1 1
1 1 1 1 1 1 1 1 1 1
1 1 1 1 1 1 1 1 1 1
14 36 1
4 9 7 7 2 6 3 4 1 6
1 3 7 8 9 7 10 3 1 10
7 8 3 4 8 8 4 1 2 7
1 7 6 7 5 9 2 8 6 1
5 2 9 10 2 9 9 2 1 8
1 8 9 1 2 7 6 8 8 6
3 7 1 2 4 7 2 7 10 9
6 5 1 1 9 6 10 9 6 2
1 7 5 6 7 2 6 8 7 6
9 9 10 1 9 2 9 10 2 1
14 23 1
2 5 5 1 6 5 6 8 7 4
9 2 5 4 9 10 3 2 8 5
4 4 1 5 5 8 3 10 3 3
2 3 4 4 5 3 4 4 10 7
5 6 10 10 1 9 6 1 9 5
10 3 4 3 2 5 6 3 2 10
4 8 8 10 8 10 8 5 5 8
1 7 10 9 4 7 10 7 9 7
10 10 6 10 10 2 5 7 2 9
7 9 5 1 4 10 5 3 6 5
14 44 1
5 2 5 8 8 3 1 10 9 2
2 4 4 3 10 3 6 6 5 1
9 10 9 4 1 8 3 7 1 10
1 6 7 1 10 8 3 2 3 7
2 1 4 8 2 1 2 9 4 8
3 9 6 1 3 3 10 10 3 9
4 8 5 8 9 9 4 10 7 2
7 5 9 2 10 9 1 1 3 2
8 10 7 4 3 3 1 4 8 7
4 2 7 9 10 5 2 8 5 9
15 18 1
9 3 8 3 3 2 10 8 4 5
9 8 3 8 7 9 6 6 2 9
9 4 10 2 3 3 3 1 9 5
5 6 5 10 6 9 9 10 2 5
8 6 4 8 2 7 2 4 1 5
3 7 8 1 6 8 8 4 7 3
4 8 9 7 2 3 2 10 4 8
4 1 1 10 1 10 10 1 4 6
10 4 7 9 2 10 9 9 3 9
1 8 10 3 8 1 3 4 6 5
15 29 1
3 4 1 1 7 4 8 3 2 2
10 4 1 10 8 4 3 4 6 5
6 8 10 4 1 5 6 5 7 5
6 9 2 5 3 5 4 1 5 9
4 3 10 1 6 8 6 8 9 4
2 7 3 1 9 3 10 1 5 6
1 7 9 3 9 4 5 1 7 6
10 1 5 6 5 2 9 3 1 5
4 1 5 2 8 3 10 9 7 5
4 10 5 4 4 9 6 2 4 3
15 38 1
2 1 5 6 8 4 3 4 8 7
10 9 2 2 7 8 10 2 6 5
10 3 6 10 5 2 9 9 5 7
7 8 2 9 2 1 3 1 4 9
8 9 9 9 10 5 7 10 10 5
2 6 8 6 9 3 7 6 6 7
6 10 6 8 3 8 9 9 5 4
8 1 9 3 7 5 3 8 2 1
7 3 3 5 9 5 10 7 5 9
4 1 3 9 9 10 3 2 8 2
16 25 1
4 9 6 8 7 8 7 8 8 2
5 3 2 2 8 6 1 6 7 7
9 7 8 5 9 7 8 6 3 4
5 7 5 3 10 7 8 5 8 9
10 8 10 6 4 10 7 7 10 3
8 5 2 4 8 7 3 9 7 8
2 10 8 5 1 4 6 8 1 5
10 10 10 4 2 6 7 1 7 1
8 6 5 1 1 2 7 2 8 10
3 4 5 3 5 8 7 3 9 7
16 18 1
10 10 10 6 1 9 3 3 1 10
6 7 6 5 1 3 1 2 2 10
5 3 9 4 1 8 3 2 2 7
1 5 8 7 1 7 7 10 10 8
6 2 2 9 9 6 6 6 7 3
8 9 5 5 1 1 1 6 4 7
2 6 1 7 2 10 5 6 7 1
4 10 10 9 7 6 1 2 6 6
2 6 7 3 5 2 2 1 9 6
5 6 8 5 9 4 9 5 5 10
16 37 0
1 1 1 1 1 1 1 1 1 1
1 1 1 1 1 1 1 1 1 1
1 1 1 1 1 1 1 1 1 1
1 1 1 1 1 1 1 1 1 1
1 1 1 1 1 1 1 1 1 1
1 1 1 1 1 1 1 1 1 1
1 1 1 1 1 1 1 1 1 1
1 1 1 1 1 1 1 1 1 1
1 1 1 1 1 1 1 1 1 1
1 1 1 1 1 1 1 1 1 1
16 40 0
2 2 2 2 2 2 2 2 2 2
2 2 2 2 2 2 2 2 2 2
2 2 2 2 2 2 2 2 2 2
2 2 2 2 2 2 2 2 2 2
2 2 2 2 2 2 2 2 2 2
2 2 2 2 2 2 2 2 2 2
2 2 2 2 2 2 2 2 2 2
2 2 2 2 2 2 2 2 2 2
2 2 2 2 2 2 2 2 2 2
2 2 2 2 2 2 2 2 2 2
17 44 1
1 9 4 5 1 4 5 1 9 6
9 7 6 7 2 7 7 8 2 3
9 7 9 9 10 2 3 7 5 1
7 4 3 6 4 3 4 10 4 2
10 4 6 2 7 6 10 10 1 4
7 9 1 8 10 3 9 10 7 10
1 7 3 4 8 3 4 9 2 1
2 1 10 2 8 4 10 9 3 4
9 6 5 7 2 2 3 7 9 6
4 10 3 7 1 2 2 6 2 3
17 38 1
10 10 7 7 8 1 5 5 9 2
4 1 8 10 7 5 3 6 8 4
5 2 1 3 2 2 10 2 9 4
6 4 9 1 3 5 3 7 1 7
1 6 4 6 5 2 6 5 8 4
3 1 8 3 1 9 10 5 2 8
10 6 10 2 1 1 3 7 7 3
8 1 2 8 10 8 3 3 2 9
7 8 1 1 3 1 5 8 1 8
9 10 2 4 1 2 9 1 1 8
17 40 0
1 1 1 1 1 1 1 1 1 1
1 1 1 1 1 1 1 1 1 1
1 1 1 1 1 1 1 1 1 1
1 1 1 1 1 1 1 1 1 1
1 1 1 1 1 1 1 1 1 1
1 1 1 1 1 1 1 1 1 1
1 1 1 1 1 1 1 1 1 1
1 1 1 1 1 1 1 1 1 1
1 1 1 1 1 1 1 1 1 1
1 1 1 1 1 1 1 1 1 1
18 33 0
1 1 1 1 1 1 1 1 1 1
1 1 1 1 1 1 1 1 1 1
1 1 1 1 1 1 1 1 1 1
1 1 1 1 1 1 1 1 1 1
1 1 1 1 1 1 1 1 1 1
1 1 1 1 1 1 1 1 1 1
1 1 1 1 1 1 1 1 1 1
1 1 1 1 1 1 1 1 1 1
1 1 1 1 1 1 1 1 1 1
1 1 1 1 1 1 1 1 1 1
18 43 0
2 2 2 2 2 2 2 2 2 2
2 2 2 2 2 2 2 2 2 2
2 2 2 2 2 2 2 2 2 2
2 2 2 2 2 2 2 2 2 2
2 2 2 2 2 2 2 2 2 2
2 2 2 2 2 2 2 2 2 2
2 2 2 2 2 2 2 2 2 2
2 2 2 2 2 2 2 2 2 2
2 2 2 2 2 2 2 2 2 2
2 2 2 2 2 2 2 2 2 2
18 48 1
10 4 9 3 3 6 8 4 6 3
5 5 6 5 3 4 8 1 2 6
6 5 8 7 4 3 7 8 10 3
9 1 8 3 7 6 10 2 2 1
10 9 8 1 5 10 3 2 7 9
4 3 7 5 9 1 7 3 3 5
2 2 8 8 1 2 8 7 6 3
2 1 5 3 3 5 7 4 7 4
10 5 6 3 1 3 10 2 10 3
6 7 1 4 10 10 3 7 7 5
19 50 0
1 1 1 1 1 1 1 1 1 1
1 1 1 1 1 1 1 1 1 1
1 1 1 1 1 1 1 1 1 1
1 1 1 1 1 1 1 1 1 1
1 1 1 1 1 1 1 1 1 1
1 1 1 1 1 1 1 1 1 1
1 1 1 1 1 1 1 1 1 1
1 1 1 1 1 1 1 1 1 1
1 1 1 1 1 1 1 1 1 1
1 1 1 1 1 1 1 1 1 1
19 32 1
6 9 10 6 6 7 9 1 1 5
4 9 1 3 6 7 10 8 9 7
3 5 3 3 9 4 5 3 4 1
6 3 4 3 4 1 1 5 7 1
2 3 6 1 5 3 10 4 6 8
3 6 5 2 5 2 8 2 9 10
6 7 1 7 9 6 2 9 6 4
6 2 3 2 2 5 8 3 1 8
2 4 4 7 7 3 4 1 10 6
6 6 3 2 6 8 7 10 10 7
20 28 0
1 1 1 1 1 1 1 1 1 1
1 1 1 1 1 1 1 1 1 1
1 1 1 1 1 1 1 1 1 1
1 1 1 1 1 1 1 1 1 1
1 1 1 1 1 1 1 1 1 1
1 1 1 1 1 1 1 1 1 1
1 1 1 1 1 1 1 1 1 1
1 1 1 1 1 1 1 1 1 1
1 1 1 1 1 1 1 1 1 1
1 1 1 1 1 1 1 1 1 1
20 36 1
1 10 7 3 4 6 2 10 6 7
10 8 3 3 4 7 2 7 7 8
5 6 9 1 6 5 2 9 1 6
6 7 10 6 2 3 5 10 6 6
8 4 6 2 4 8 5 4 4 2
8 7 1 3 7 4 9 10 1 1
9 4 10 3 8 4 8 1 3 5
7 5 7 10 5 3 9 9 6 9
4 8 2 10 6 2 4 3 1 5
9 9 6 4 9 1 2 6 4 10
20 29 0
2 2 2 2 2 2 2 2 2 2
2 2 2 2 2 2 2 2 2 2
2 2 2 2 2 2 2 2 2 2
2 2 2 2 2 2 2 2 2 2
2 2 2 2 2 2 2 2 2 2
2 2 2 2 2 2 2 2 2 2
2 2 2 2 2 2 2 2 2 2
2 2 2 2 2 2 2 2 2 2
2 2 2 2 2 2 2 2 2 2
2 2 2 2 2 2 2 2 2 2
20 30 1
9 7 9 9 7 3 10 6 5 1
1 7 7 1 5 5 6 4 1 5
10 10 6 1 6 8 9 1 10 8
9 8 1 8 7 9 2 4 9 8
9 4 6 3 4 7 3 6 5 3
3 1 7 4 7 10 8 7 4 6
4 10 4 5 5 1 5 9 1 5
4 10 4 2 9 7 4 8 9 7
5 9 2 6 7 2 8 8 10 10
9 4 6 6 8 8 9 6 8 6
21 33 1
7 9 6 1 5 6 5 3 8 7
2 9 4 9 9 2 8 7 6 2
3 7 3 10 4 8 7 4 3 3
1 4 10 5 10 6 3 6 9 7
9 2 8 6 3 7 7 6 6 2
1 4 7 8 3 9 8 8 6 3
2 5 6 2 10 1 3 4 3 6
5 6 7 10 2 1 8 2 3 10
3 1 9 10 9 3 7 5 8 6
3 2 2 4 3 9 4 2 5 5
21 26 1
5 9 4 4 1 3 6 6 7 1
1 7 1 8 6 1 4 9 8 2
1 2 2 5 2 1 4 5 6 9
7 10 9 8 1 4 7 2 3 6
1 1 2 5 7 1 10 8 3 10
1 1 4 2 7 3 10 2 9 2
10 2 5 2 2 1 10 7 4 1
9 7 1 1 10 10 3 9 8 9
6 4 9 2 3 2 6 4 7 5
7 8 8 9 9 10 10 2 8 4
21 36 1
5 9 7 8 2 6 10 9 9 2
5 6 10 10 2 8 2 2 7 8
10 4 6 4 9 2 1 1 10 4
10 5 10 3 2 7 5 1 5 10
7 5 9 10 10 9 1 5 4 5
4 1 4 5 8 7 4 5 8 5
5 6 3 4 5 8 1 10 8 3
8 3 5 4 9 1 2 10 7 2
6 8 5 7 4 9 6 4 5 8
10 5 9 9 7 8 9 6 7 4
21 34 0
1 1 1 1 1 1 1 1 1 1
1 1 1 1 1 1 1 1 1 1
1 1 1 1 1 1 1 1 1 1
1 1 1 1 1 1 1 1 1 1
1 1 1 1 1 1 1 1 1 1
1 1 1 1 1 1 1 1 1 1
1 1 1 1 1 1 1 1 1 1
1 1 1 1 1 1 1 1 1 1
1 1 1 1 1 1 1 1 1 1
1 1 1 1 1 1 1 1 1 1
21 24 0
1 1 1 1 1 1 1 1 1 1
1 1 1 1 1 1 1 1 1 1
1 1 1 1 1 1 1 1 1 1
1 1 1 1 1 1 1 1 1 1
1 1 1 1 1 1 1 1 1 1
1 1 1 1 1 1 1 1 1 1
1 1 1 1 1 1 1 1 1 1
1 1 1 1 1 1 1 1 1 1
1 1 1 1 1 1 1 1 1 1
1 1 1 1 1 1 1 1 1 1
22 31 0
2 2 2 2 2 2 2 2 2 2
2 2 2 2 2 2 2 2 2 2
2 2 2 2 2 2 2 2 2 2
2 2 2 2 2 2 2 2 2 2
2 2 2 2 2 2 2 2 2 2
2 2 2 2 2 2 2 2 2 2
2 2 2 2 2 2 2 2 2 2
2 2 2 2 2 2 2 2 2 2
2 2 2 2 2 2 2 2 2 2
2 2 2 2 2 2 2 2 2 2
23 34 1
5 8 6 9 6 1 5 1 3 3
9 1 8 7 10 10 7 9 8 8
9 7 3 9 2 7 9 4 8 8
7 5 8 3 2 6 5 6 7 9
5 10 2 8 7 5 4 3 1 10
6 3 3 7 2 2 7 4 8 8
3 5 8 4 6 5 5 4 9 8
1 1 2 1 10 8 10 4 1 4
5 8 8 2 5 8 10 6 1 8
8 7 2 9 5 9 4 1 10 10
23 41 0
2 2 2 2 2 2 2 2 2 2
2 2 2 2 2 2 2 2 2 2
2 2 2 2 2 2 2 2 2 2
2 2 2 2 2 2 2 2 2 2
2 2 2 2 2 2 2 2 2 2
2 2 2 2 2 2 2 2 2 2
2 2 2 2 2 2 2 2 2 2
2 2 2 2 2 2 2 2 2 2
2 2 2 2 2 2 2 2 2 2
2 2 2 2 2 2 2 2 2 2
23 30 0
1 1 1 1 1 1 1 1 1 1
1 1 1 1 1 1 1 1 1 1
1 1 1 1 1 1 1 1 1 1
1 1 1 1 1 1 1 1 1 1
1 1 1 1 1 1 1 1 1 1
1 1 1 1 1 1 1 1 1 1
1 1 1 1 1 1 1 1 1 1
1 1 1 1 1 1 1 1 1 1
1 1 1 1 1 1 1 1 1 1
1 1 1 1 1 1 1 1 1 1
24 41 0
1 1 1 1 1 1 1 1 1 1
1 1 1 1 1 1 1 1 1 1
1 1 1 1 1 1 1 1 1 1
1 1 1 1 1 1 1 1 1 1
1 1 1 1 1 1 1 1 1 1
1 1 1 1 1 1 1 1 1 1
1 1 1 1 1 1 1 1 1 1
1 1 1 1 1 1 1 1 1 1
1 1 1 1 1 1 1 1 1 1
1 1 1 1 1 1 1 1 1 1
24 44 0
2 2 2 2 2 2 2 2 2 2
2 2 2 2 2 2 2 2 2 2
2 2 2 2 2 2 2 2 2 2
2 2 2 2 2 2 2 2 2 2
2 2 2 2 2 2 2 2 2 2
2 2 2 2 2 2 2 2 2 2
2 2 2 2 2 2 2 2 2 2
2 2 2 2 2 2 2 2 2 2
2 2 2 2 2 2 2 2 2 2
2 2 2 2 2 2 2 2 2 2
24 30 0
2 2 2 2 2 2 2 2 2 2
2 2 2 2 2 2 2 2 2 2
2 2 2 2 2 2 2 2 2 2
2 2 2 2 2 2 2 2 2 2
2 2 2 2 2 2 2 2 2 2
2 2 2 2 2 2 2 2 2 2
2 2 2 2 2 2 2 2 2 2
2 2 2 2 2 2 2 2 2 2
2 2 2 2 2 2 2 2 2 2
2 2 2 2 2 2 2 2 2 2
25 29 0
2 2 2 2 2 2 2 2 2 2
2 2 2 2 2 2 2 2 2 2
2 2 2 2 2 2 2 2 2 2
2 2 2 2 2 2 2 2 2 2
2 2 2 2 2 2 2 2 2 2
2 2 2 2 2 2 2 2 2 2
2 2 2 2 2 2 2 2 2 2
2 2 2 2 2 2 2 2 2 2
2 2 2 2 2 2 2 2 2 2
2 2 2 2 2 2 2 2 2 2
25 31 0
1 1 1 1 1 1 1 1 1 1
1 1 1 1 1 1 1 1 1 1
1 1 1 1 1 1 1 1 1 1
1 1 1 1 1 1 1 1 1 1
1 1 1 1 1 1 1 1 1 1
1 1 1 1 1 1 1 1 1 1
1 1 1 1 1 1 1 1 1 1
1 1 1 1 1 1 1 1 1 1
1 1 1 1 1 1 1 1 1 1
1 1 1 1 1 1 1 1 1 1
26 46 0
1 1 1 1 1 1 1 1 1 1
1 1 1 1 1 1 1 1 1 1
1 1 1 1 1 1 1 1 1 1
1 1 1 1 1 1 1 1 1 1
1 1 1 1 1 1 1 1 1 1
1 1 1 1 1 1 1 1 1 1
1 1 1 1 1 1 1 1 1 1
1 1 1 1 1 1 1 1 1 1
1 1 1 1 1 1 1 1 1 1
1 1 1 1 1 1 1 1 1 1
26 47 1
4 3 2 5 10 3 10 9 3 9
7 5 2 9 8 6 1 10 1 9
4 9 10 6 1 6 5 7 2 2
3 1 3 1 9 9 7 5 1 6
6 5 5 3 10 9 8 4 5 3
2 5 3 10 2 5 1 4 4 3
9 7 2 5 3 5 6 3 3 10
9 4 3 6 5 6 7 2 8 7
2 6 10 7 2 9 10 5 7 6
4 2 10 3 8 6 7 1 9 4
26 29 1
3 6 2 4 1 4 10 6 10 5
9 10 4 8 3 4 3 10 9 8
8 1 8 3 1 2 3 5 1 2
4 6 3 6 8 6 10 6 2 7
7 6 7 5 5 8 6 4 7 4
5 5 2 1 6 4 3 8 8 6
6 4 6 6 8 6 3 10 2 8
5 4 9 9 7 1 9 3 6 9
8 4 1 10 6 6 4 8 4 7
5 3 9 10 10 2 8 5 4 8
27 42 0
1 1 1 1 1 1 1 1 1 1
1 1 1 1 1 1 1 1 1 1
1 1 1 1 1 1 1 1 1 1
1 1 1 1 1 1 1 1 1 1
1 1 1 1 1 1 1 1 1 1
1 1 1 1 1 1 1 1 1 1
1 1 1 1 1 1 1 1 1 1
1 1 1 1 1 1 1 1 1 1
1 1 1 1 1 1 1 1 1 1
1 1 1 1 1 1 1 1 1 1
27 46 1
7 8 2 6 8 9 9 1 6 7
4 10 4 6 5 8 7 5 5 9
10 3 5 5 2 5 7 5 6 8
4 6 9 2 6 1 4 2 7 2
5 6 8 8 2 3 10 7 4 5
8 7 4 5 4 4 1 3 6 7
1 9 7 9 5 6 5 4 9 1
5 9 4 2 9 1 3 3 4 6
6 10 4 3 3 5 3 4 1 4
6 1 6 2 4 9 6 10 4 3
28 35 1
2 1 6 10 7 5 2 4 10 9
4 5 10 7 1 2 9 6 4 10
5 5 5 4 8 6 10 7 6 3
7 4 4 2 9 3 10 6 7 7
1 8 10 8 5 10 10 8 7 9
3 3 2 7 8 9 9 2 5 10
10 2 9 5 7 8 4 1 10 8
9 7 2 2 10 3 4 5 5 2
9 10 1 4 7 6 4 10 8 8
10 10 9 5 3 3 1 10 5 9
28 36 0
1 1 1 1 1 1 1 1 1 1
1 1 1 1 1 1 1 1 1 1
1 1 1 1 1 1 1 1 1 1
1 1 1 1 1 1 1 1 1 1
1 1 1 1 1 1 1 1 1 1
1 1 1 1 1 1 1 1 1 1
1 1 1 1 1 1 1 1 1 1
1 1 1 1 1 1 1 1 1 1
1 1 1 1 1 1 1 1 1 1
1 1 1 1 1 1 1 1 1 1
28 41 1
7 7 4 3 5 10 7 6 1 6
2 2 2 7 5 2 10 8 4 5
6 9 2 2 2 10 6 1 1 7
5 8 6 7 2 10 10 4 5 8
4 3 6 1 4 8 5 1 6 10
6 6 8 3 9 5 5 1 8 8
1 9 7 2 1 4 7 3 5 4
7 7 4 8 1 1 2 4 8 3
1 9 3 2 3 5 7 7 2 6
2 5 3 10 10 9 9 4 8 9
29 44 0
1 1 1 1 1 1 1 1 1 1
1 1 1 1 1 1 1 1 1 1
1 1 1 1 1 1 1 1 1 1
1 1 1 1 1 1 1 1 1 1
1 1 1 1 1 1 1 1 1 1
1 1 1 1 1 1 1 1 1 1
1 1 1 1 1 1 1 1 1 1
1 1 1 1 1 1 1 1 1 1
1 1 1 1 1 1 1 1 1 1
1 1 1 1 1 1 1 1 1 1
29 48 0
1 1 1 1 1 1 1 1 1 1
1 1 1 1 1 1 1 1 1 1
1 1 1 1 1 1 1 1 1 1
1 1 1 1 1 1 1 1 1 1
1 1 1 1 1 1 1 1 1 1
1 1 1 1 1 1 1 1 1 1
1 1 1 1 1 1 1 1 1 1
1 1 1 1 1 1 1 1 1 1
1 1 1 1 1 1 1 1 1 1
1 1 1 1 1 1 1 1 1 1
30 45 0
1 1 1 1 1 1 1 1 1 1
1 1 1 1 1 1 1 1 1 1
1 1 1 1 1 1 1 1 1 1
1 1 1 1 1 1 1 1 1 1
1 1 1 1 1 1 1 1 1 1
1 1 1 1 1 1 1 1 1 1
1 1 1 1 1 1 1 1 1 1
1 1 1 1 1 1 1 1 1 1
1 1 1 1 1 1 1 1 1 1
1 1 1 1 1 1 1 1 1 1
31 33 1
1 8 2 8 9 9 3 6 4 8
1 4 3 2 5 9 8 5 10 8
5 7 4 4 5 6 6 10 9 9
2 2 5 6 2 5 5 2 4 3
2 3 1 5 9 6 4 8 9 4
7 6 9 7 4 8 2 6 4 8
6 9 7 6 5 3 9 2 3 2
8 2 3 8 6 10 8 6 3 4
6 3 5 10 10 3 9 2 3 9
8 9 3 4 10 10 2 4 9 10
31 49 1
1 6 2 1 6 3 1 7 5 3
5 8 4 7 4 6 3 5 8 1
9 2 1 4 1 6 9 1 5 4
5 1 6 5 1 9 7 3 1 8
2 7 2 2 2 1 9 10 2 10
1 2 8 6 8 7 1 3 8 2
4 7 9 9 2 10 3 3 4 8
1 9 6 7 2 7 9 6 6 8
7 3 4 4 7 2 2 9 2 2
9 10 8 5 5 9 9 7 7 1
31 32 1
1 3 3 4 6 1 5 4 9 4
4 10 3 2 5 8 1 8 8 9
9 6 9 8 7 2 10 2 1 10
10 10 5 1 1 10 9 2 2 7
9 6 5 6 7 8 6 10 4 5
6 2 4 6 6 1 5 4 6 5
8 8 4 4 10 9 10 4 8 9
9 5 8 9 8 3 9 10 1 1
2 8 7 7 2 5 7 6 7 2
5 5 2 6 3 4 7 8 7 5
32 43 1
1 1 2 9 6 3 10 6 5 6
4 10 10 3 10 9 3 3 1 9
1 8 7 3 9 3 5 3 1 8
2 9 3 1 4 2 5 10 2 8
6 5 4 7 3 8 8 1 3 4
9 5 1 5 4 2 3 2 2 2
5 7 10 9 5 2 2 7 3 4
5 7 7 3 3 3 10 4 10 1
3 10 6 9 6 9 6 7 9 9
6 6 9 4 7 7 8 5 3 4
33 44 0
2 2 2 2 2 2 2 2 2 2
2 2 2 2 2 2 2 2 2 2
2 2 2 2 2 2 2 2 2 2
2 2 2 2 2 2 2 2 2 2
2 2 2 2 2 2 2 2 2 2
2 2 2 2 2 2 2 2 2 2
2 2 2 2 2 2 2 2 2 2
2 2 2 2 2 2 2 2 2 2
2 2 2 2 2 2 2 2 2 2
2 2 2 2 2 2 2 2 2 2
33 36 1
9 9 9 4 4 5 9 6 6 10
10 4 4 4 3 7 3 3 9 1
3 2 10 6 5 2 10 7 2 6
1 5 6 2 6 3 4 4 6 4
1 9 9 6 2 6 2 1 7 4
9 9 2 8 5 2 5 9 8 6
7 3 9 10 6 9 2 5 7 4
8 8 5 4 7 8 9 3 10 10
8 8 8 4 7 7 4 7 9 5
7 5 9 1 1 2 9 1 1 4
34 49 0
1 1 1 1 1 1 1 1 1 1
1 1 1 1 1 1 1 1 1 1
1 1 1 1 1 1 1 1 1 1
1 1 1 1 1 1 1 1 1 1
1 1 1 1 1 1 1 1 1 1
1 1 1 1 1 1 1 1 1 1
1 1 1 1 1 1 1 1 1 1
1 1 1 1 1 1 1 1 1 1
1 1 1 1 1 1 1 1 1 1
1 1 1 1 1 1 1 1 1 1
34 42 0
1 1 1 1 1 1 1 1 1 1
1 1 1 1 1 1 1 1 1 1
1 1 1 1 1 1 1 1 1 1
1 1 1 1 1 1 1 1 1 1
1 1 1 1 1 1 1 1 1 1
1 1 1 1 1 1 1 1 1 1
1 1 1 1 1 1 1 1 1 1
1 1 1 1 1 1 1 1 1 1
1 1 1 1 1 1 1 1 1 1
1 1 1 1 1 1 1 1 1 1
35 45 0
1 1 1 1 1 1 1 1 1 1
1 1 1 1 1 1 1 1 1 1
1 1 1 1 1 1 1 1 1 1
1 1 1 1 1 1 1 1 1 1
1 1 1 1 1 1 1 1 1 1
1 1 1 1 1 1 1 1 1 1
1 1 1 1 1 1 1 1 1 1
1 1 1 1 1 1 1 1 1 1
1 1 1 1 1 1 1 1 1 1
1 1 1 1 1 1 1 1 1 1
36 38 1
7 8 5 6 1 7 9 5 4 8
9 6 1 2 4 4 9 6 6 3
3 2 9 5 8 9 5 9 9 4
4 7 7 4 4 6 3 8 9 7
1 3 2 3 9 8 3 7 10 7
4 4 6 9 3 1 5 6 6 4
5 5 6 10 6 9 2 1 7 2
8 10 9 2 4 3 1 10 5 5
5 8 10 2 8 1 1 7 7 7
2 4 9 1 8 5 6 5 1 9
37 42 0
2 2 2 2 2 2 2 2 2 2
2 2 2 2 2 2 2 2 2 2
2 2 2 2 2 2 2 2 2 2
2 2 2 2 2 2 2 2 2 2
2 2 2 2 2 2 2 2 2 2
2 2 2 2 2 2 2 2 2 2
2 2 2 2 2 2 2 2 2 2
2 2 2 2 2 2 2 2 2 2
2 2 2 2 2 2 2 2 2 2
2 2 2 2 2 2 2 2 2 2
37 50 1
6 10 2 2 6 1 6 2 7 2
1 4 1 8 3 10 6 1 2 1
9 8 7 9 7 6 10 2 6 7
10 2 9 5 6 3 7 3 4 6
6 7 9 4 4 5 2 4 2 1
1 10 4 10 10 10 9 9 4 3
5 1 7 8 10 8 1 6 4 4
5 7 10 1 4 3 8 2 9 9
2 3 9 9 1 9 10 7 5 5
1 7 9 10 2 9 5 8 3 9
38 43 0
2 2 2 2 2 2 2 2 2 2
2 2 2 2 2 2 2 2 2 2
2 2 2 2 2 2 2 2 2 2
2 2 2 2 2 2 2 2 2 2
2 2 2 2 2 2 2 2 2 2
2 2 2 2 2 2 2 2 2 2
2 2 2 2 2 2 2 2 2 2
2 2 2 2 2 2 2 2 2 2
2 2 2 2 2 2 2 2 2 2
2 2 2 2 2 2 2 2 2 2
38 44 1
6 10 1 3 2 2 1 2 1 1
6 2 1 5 7 6 5 1 9 3
10 3 2 1 2 7 10 2 5 7
10 8 9 6 7 4 1 9 8 4
6 1 10 9 4 1 8 4 3 9
7 7 5 8 2 5 6 8 2 10
1 3 5 6 6 1 4 7 5 2
6 5 1 1 4 3 7 3 6 4
2 9 9 2 1 7 10 6 1 9
8 1 10 1 1 8 4 5 6 3
38 45 0
2 2 2 2 2 2 2 2 2 2
2 2 2 2 2 2 2 2 2 2
2 2 2 2 2 2 2 2 2 2
2 2 2 2 2 2 2 2 2 2
2 2 2 2 2 2 2 2 2 2
2 2 2 2 2 2 2 2 2 2
2 2 2 2 2 2 2 2 2 2
2 2 2 2 2 2 2 2 2 2
2 2 2 2 2 2 2 2 2 2
2 2 2 2 2 2 2 2 2 2
40 44 0
1 1 1 1 1 1 1 1 1 1
1 1 1 1 1 1 1 1 1 1
1 1 1 1 1 1 1 1 1 1
1 1 1 1 1 1 1 1 1 1
1 1 1 1 1 1 1 1 1 1
1 1 1 1 1 1 1 1 1 1
1 1 1 1 1 1 1 1 1 1
1 1 1 1 1 1 1 1 1 1
1 1 1 1 1 1 1 1 1 1
1 1 1 1 1 1 1 1 1 1
41 43 0
2 2 2 2 2 2 2 2 2 2
2 2 2 2 2 2 2 2 2 2
2 2 2 2 2 2 2 2 2 2
2 2 2 2 2 2 2 2 2 2
2 2 2 2 2 2 2 2 2 2
2 2 2 2 2 2 2 2 2 2
2 2 2 2 2 2 2 2 2 2
2 2 2 2 2 2 2 2 2 2
2 2 2 2 2 2 2 2 2 2
2 2 2 2 2 2 2 2 2 2
41 44 1
1 9 7 4 10 10 2 4 8 3
2 10 5 2 6 1 8 7 7 5
7 4 4 7 6 9 7 10 8 6
5 7 10 5 5 5 4 1 3 10
4 3 9 1 5 6 6 2 3 4
4 6 2 8 3 1 7 3 10 5
4 4 5 9 2 10 9 5 10 6
8 4 1 8 7 1 4 5 1 1
1 7 7 1 5 6 8 4 3 7
10 4 6 5 5 10 8 8 10 6
41 46 0
1 1 1 1 1 1 1 1 1 1
1 1 1 1 1 1 1 1 1 1
1 1 1 1 1 1 1 1 1 1
1 1 1 1 1 1 1 1 1 1
1 1 1 1 1 1 1 1 1 1
1 1 1 1 1 1 1 1 1 1
1 1 1 1 1 1 1 1 1 1
1 1 1 1 1 1 1 1 1 1
1 1 1 1 1 1 1 1 1 1
1 1 1 1 1 1 1 1 1 1
41 47 0
2 2 2 2 2 2 2 2 2 2
2 2 2 2 2 2 2 2 2 2
2 2 2 2 2 2 2 2 2 2
2 2 2 2 2 2 2 2 2 2
2 2 2 2 2 2 2 2 2 2
2 2 2 2 2 2 2 2 2 2
2 2 2 2 2 2 2 2 2 2
2 2 2 2 2 2 2 2 2 2
2 2 2 2 2 2 2 2 2 2
2 2 2 2 2 2 2 2 2 2
43 47 1
7 5 7 2 7 10 8 9 9 2
5 6 9 7 10 6 2 3 3 1
9 3 1 1 2 5 9 1 2 8
6 2 4 7 3 10 3 4 8 9
10 4 1 10 9 1 7 2 3 10
9 1 3 2 4 7 5 6 2 8
6 8 5 9 1 10 3 1 6 1
1 10 2 9 8 5 8 9 7 5
6 10 10 9 6 2 4 5 9 2
6 9 8 2 10 10 7 9 6 2
45 47 1
2 1 2 9 7 3 8 10 7 9
3 2 7 10 5 6 7 3 6 10
8 9 3 1 10 3 8 4 8 5
10 4 10 4 6 9 8 1 7 7
1 4 10 1 2 8 4 1 1 6
9 1 6 6 9 1 8 10 8 4
7 2 9 8 1 3 4 9 2 3
1 10 8 1 9 10 10 2 4 9
2 3 4 2 6 4 2 6 10 7
4 1 10 10 1 4 7 6 4 10
46 50 0
1 1 1 1 1 1 1 1 1 1
1 1 1 1 1 1 1 1 1 1
1 1 1 1 1 1 1 1 1 1
1 1 1 1 1 1 1 1 1 1
1 1 1 1 1 1 1 1 1 1
1 1 1 1 1 1 1 1 1 1
1 1 1 1 1 1 1 1 1 1
1 1 1 1 1 1 1 1 1 1
1 1 1 1 1 1 1 1 1 1
1 1 1 1 1 1 1 1 1 1
46 49 0
2 2 2 2 2 2 2 2 2 2
2 2 2 2 2 2 2 2 2 2
2 2 2 2 2 2 2 2 2 2
2 2 2 2 2 2 2 2 2 2
2 2 2 2 2 2 2 2 2 2
2 2 2 2 2 2 2 2 2 2
2 2 2 2 2 2 2 2 2 2
2 2 2 2 2 2 2 2 2 2
2 2 2 2 2 2 2 2 2 2
2 2 2 2 2 2 2 2 2 2
47 48 0
2 2 2 2 2 2 2 2 2 2
2 2 2 2 2 2 2 2 2 2
2 2 2 2 2 2 2 2 2 2
2 2 2 2 2 2 2 2 2 2
2 2 2 2 2 2 2 2 2 2
2 2 2 2 2 2 2 2 2 2
2 2 2 2 2 2 2 2 2 2
2 2 2 2 2 2 2 2 2 2
2 2 2 2 2 2 2 2 2 2
2 2 2 2 2 2 2 2 2 2
