50 367 1
1 10
1 34 0
1 1 1 1 1 1 1 1 1 1
1 1 1 1 1 1 1 1 1 1
1 1 1 1 1 1 1 1 1 1
1 1 1 1 1 1 1 1 1 1
1 1 1 1 1 1 1 1 1 1
1 1 1 1 1 1 1 1 1 1
1 1 1 1 1 1 1 1 1 1
1 1 1 1 1 1 1 1 1 1
1 1 1 1 1 1 1 1 1 1
1 1 1 1 1 1 1 1 1 1
1 3 1
9 9 10 10 9 4 1 9 7 6
8 3 4 6 2 5 2 7 8 1
3 7 1 1 8 7 2 10 8 4
2 7 3 10 2 9 3 1 5 2
5 1 7 7 3 9 9 10 1 9
3 3 2 1 4 8 2 4 7 5
1 8 4 8 1 7 7 10 5 1
5 8 1 4 8 2 2 3 3 10
9 5 4 4 6 2 6 10 2 9
9 2 3 7 9 6 5 8 9 10
1 36 1
7 5 3 4 3 9 5 8 10 6
5 2 7 10 7 6 5 5 9 3
2 5 1 10 8 10 10 2 4 10
10 2 2 4 1 10 6 1 8 2
5 8 2 8 1 9 9 2 2 1
5 8 9 2 10 8 4 1 5 5
7 2 7 6 3 1 7 7 5 7
6 9 8 3 9 6 7 4 8 10
8 6 9 4 1 9 2 10 6 8
6 2 8 7 5 4 2 6 9 9
1 8 0
1 1 1 1 1 1 1 1 1 1
1 1 1 1 1 1 1 1 1 1
1 1 1 1 1 1 1 1 1 1
1 1 1 1 1 1 1 1 1 1
1 1 1 1 1 1 1 1 1 1
1 1 1 1 1 1 1 1 1 1
1 1 1 1 1 1 1 1 1 1
1 1 1 1 1 1 1 1 1 1
1 1 1 1 1 1 1 1 1 1
1 1 1 1 1 1 1 1 1 1
1 9 1
2 1 7 7 1 7 10 10 4 8
6 5 3 9 9 4 6 10 6 5
1 9 5 4 7 6 6 2 1 1
6 4 9 2 2 1 6 3 3 10
9 4 9 5 6 8 3 10 7 4
10 10 8 1 2 7 10 9 10 10
3 4 8 5 1 8 1 1 8 8
3 5 2 8 5 6 4 4 9 5
6 8 10 3 3 4 3 6 5 9
8 7 1 5 3 4 8 6 5 6
1 10 0
1 1 1 1 1 1 1 1 1 1
1 1 1 1 1 1 1 1 1 1
1 1 1 1 1 1 1 1 1 1
1 1 1 1 1 1 1 1 1 1
1 1 1 1 1 1 1 1 1 1
1 1 1 1 1 1 1 1 1 1
1 1 1 1 1 1 1 1 1 1
1 1 1 1 1 1 1 1 1 1
1 1 1 1 1 1 1 1 1 1
1 1 1 1 1 1 1 1 1 1
1 43 1
5 4 9 6 6 3 6 4 1 6
2 3 8 7 10 10 3 6 9 3
8 8 1 1 3 2 7 2 6 7
8 7 5 5 3 7 6 5 6 2
5 9 1 4 6 6 7 8 7 9
6 5 3 3 4 1 9 7 10 5
1 8 2 1 4 8 7 6 8 2
6 10 6 1 1 8 2 8 2 3
6 2 6 2 2 9 4 6 10 7
9 7 5 7 7 1 10 6 8 2
1 15 0
2 2 2 2 2 2 2 2 2 2
2 2 2 2 2 2 2 2 2 2
2 2 2 2 2 2 2 2 2 2
2 2 2 2 2 2 2 2 2 2
2 2 2 2 2 2 2 2 2 2
2 2 2 2 2 2 2 2 2 2
2 2 2 2 2 2 2 2 2 2
2 2 2 2 2 2 2 2 2 2
2 2 2 2 2 2 2 2 2 2
2 2 2 2 2 2 2 2 2 2
1 49 0
2 2 2 2 2 2 2 2 2 2
2 2 2 2 2 2 2 2 2 2
2 2 2 2 2 2 2 2 2 2
2 2 2 2 2 2 2 2 2 2
2 2 2 2 2 2 2 2 2 2
2 2 2 2 2 2 2 2 2 2
2 2 2 2 2 2 2 2 2 2
2 2 2 2 2 2 2 2 2 2
2 2 2 2 2 2 2 2 2 2
2 2 2 2 2 2 2 2 2 2
1 19 0
1 1 1 1 1 1 1 1 1 1
1 1 1 1 1 1 1 1 1 1
1 1 1 1 1 1 1 1 1 1
1 1 1 1 1 1 1 1 1 1
1 1 1 1 1 1 1 1 1 1
1 1 1 1 1 1 1 1 1 1
1 1 1 1 1 1 1 1 1 1
1 1 1 1 1 1 1 1 1 1
1 1 1 1 1 1 1 1 1 1
1 1 1 1 1 1 1 1 1 1
1 20 1
2 6 8 6 5 5 6 4 10 6
7 10 4 2 2 4 1 8 6 4
4 6 10 9 5 8 8 3 6 5
4 8 2 2 7 6 5 9 5 2
2 10 3 9 10 4 3 7 7 5
6 9 2 6 2 2 6 8 1 10
5 7 1 2 8 10 1 8 4 5
4 3 1 9 9 9 7 7 10 10
9 6 10 8 8 5 6 3 8 6
6 8 7 10 7 10 4 5 6 3
1 23 1
3 4 7 4 5 4 10 9 10 4
6 9 10 8 5 9 6 9 9 7
8 3 1 5 6 2 1 3 10 3
4 5 8 2 7 5 8 4 4 10
3 10 9 8 2 2 9 2 2 5
2 5 3 8 7 6 4 9 6 6
6 5 1 2 8 6 2 1 3 4
9 6 7 10 2 4 3 3 1 6
9 6 4 8 9 6 7 1 1 7
10 8 2 10 5 4 4 8 7 10
1 25 0
2 2 2 2 2 2 2 2 2 2
2 2 2 2 2 2 2 2 2 2
2 2 2 2 2 2 2 2 2 2
2 2 2 2 2 2 2 2 2 2
2 2 2 2 2 2 2 2 2 2
2 2 2 2 2 2 2 2 2 2
2 2 2 2 2 2 2 2 2 2
2 2 2 2 2 2 2 2 2 2
2 2 2 2 2 2 2 2 2 2
2 2 2 2 2 2 2 2 2 2
1 27 0
1 1 1 1 1 1 1 1 1 1
1 1 1 1 1 1 1 1 1 1
1 1 1 1 1 1 1 1 1 1
1 1 1 1 1 1 1 1 1 1
1 1 1 1 1 1 1 1 1 1
1 1 1 1 1 1 1 1 1 1
1 1 1 1 1 1 1 1 1 1
1 1 1 1 1 1 1 1 1 1
1 1 1 1 1 1 1 1 1 1
1 1 1 1 1 1 1 1 1 1
1 28 1
7 10 7 1 7 3 5 4 3 5
10 1 7 10 7 4 4 8 1 9
1 7 3 4 6 6 2 7 2 8
3 7 7 4 4 5 7 6 5 6
4 4 8 8 9 7 1 10 5 6
6 8 6 6 7 5 1 8 3 1
1 6 1 9 8 4 2 3 2 9
6 2 2 1 10 2 6 1 1 6
3 8 4 10 9 7 9 8 4 10
8 9 8 6 9 1 4 6 1 1
1 29 0
1 1 1 1 1 1 1 1 1 1
1 1 1 1 1 1 1 1 1 1
1 1 1 1 1 1 1 1 1 1
1 1 1 1 1 1 1 1 1 1
1 1 1 1 1 1 1 1 1 1
1 1 1 1 1 1 1 1 1 1
1 1 1 1 1 1 1 1 1 1
1 1 1 1 1 1 1 1 1 1
1 1 1 1 1 1 1 1 1 1
1 1 1 1 1 1 1 1 1 1
1 11 0
1 1 1 1 1 1 1 1 1 1
1 1 1 1 1 1 1 1 1 1
1 1 1 1 1 1 1 1 1 1
1 1 1 1 1 1 1 1 1 1
1 1 1 1 1 1 1 1 1 1
1 1 1 1 1 1 1 1 1 1
1 1 1 1 1 1 1 1 1 1
1 1 1 1 1 1 1 1 1 1
1 1 1 1 1 1 1 1 1 1
1 1 1 1 1 1 1 1 1 1
2 35 1
10 1 10 10 5 10 1 10 8 1
5 5 8 1 6 6 6 8 10 10
2 7 9 5 5 10 2 6 2 9
1 6 4 8 3 9 8 7 8 7
4 2 8 5 3 2 10 10 7 8
3 2 6 6 10 3 1 6 2 8
1 4 3 5 8 10 3 7 10 5
1 2 5 10 1 6 8 9 4 10
4 10 10 5 2 3 3 9 9 2
1 8 5 10 10 5 5 1 10 3
2 4 1
7 1 9 8 9 4 9 3 5 9
4 4 3 10 5 10 8 6 8 3
8 6 3 9 7 8 7 7 5 9
6 5 6 9 2 7 10 3 10 1
8 3 1 8 4 2 5 7 1 6
10 2 7 9 9 3 5 9 1 9
5 10 7 6 3 9 9 4 1 4
5 3 9 9 4 1 4 4 8 6
8 9 3 1 3 4 10 7 8 10
3 10 7 6 6 9 1 6 5 3
2 8 1
1 6 2 8 10 9 2 10 5 1
3 2 2 6 3 1 10 4 10 7
5 2 7 3 2 5 4 10 6 10
3 7 2 10 7 10 5 2 5 6
8 4 1 1 10 8 3 4 5 5
1 4 1 4 7 9 9 1 1 4
7 5 8 2 2 1 10 3 3 6
1 9 8 7 3 10 7 5 8 5
4 7 9 1 3 7 7 1 1 6
9 10 2 5 4 5 4 8 9 3
2 42 1
10 7 4 7 4 2 9 5 6 8
1 9 7 7 4 8 3 1 3 5
4 1 6 8 9 8 3 7 5 4
2 2 5 1 9 7 7 3 2 9
10 7 8 1 3 10 6 2 2 2
7 8 4 2 2 9 2 9 2 7
4 10 3 4 10 9 5 9 7 4
4 8 6 2 1 9 8 7 7 2
6 10 10 1 5 4 7 10 5 2
7 7 4 10 10 6 8 5 7 8
2 44 1
6 3 10 2 1 4 7 2 4 6
1 10 4 4 10 4 10 7 2 2
5 9 8 2 9 9 6 3 3 9
1 7 4 5 7 7 1 1 5 10
10 8 10 3 2 4 5 6 5 1
5 2 6 3 10 1 6 7 3 1
3 8 4 1 8 2 4 1 2 1
10 1 6 1 3 3 2 5 8 2
6 7 3 6 2 8 7 2 4 8
3 3 3 1 1 5 7 10 2 8
2 3 0
1 1 1 1 1 1 1 1 1 1
1 1 1 1 1 1 1 1 1 1
1 1 1 1 1 1 1 1 1 1
1 1 1 1 1 1 1 1 1 1
1 1 1 1 1 1 1 1 1 1
1 1 1 1 1 1 1 1 1 1
1 1 1 1 1 1 1 1 1 1
1 1 1 1 1 1 1 1 1 1
1 1 1 1 1 1 1 1 1 1
1 1 1 1 1 1 1 1 1 1
2 17 1
6 5 6 3 6 4 6 2 7 5
8 10 10 8 6 5 4 6 1 7
1 10 8 4 7 2 6 8 6 10
5 2 6 1 6 7 3 9 9 1
5 7 3 5 5 1 7 1 8 9
4 5 10 8 4 6 2 2 9 10
10 8 5 2 9 6 1 8 2 3
8 7 3 1 2 5 10 6 5 8
2 2 3 3 10 4 1 4 2 2
1 10 1 7 2 3 10 5 8 7
2 18 0
2 2 2 2 2 2 2 2 2 2
2 2 2 2 2 2 2 2 2 2
2 2 2 2 2 2 2 2 2 2
2 2 2 2 2 2 2 2 2 2
2 2 2 2 2 2 2 2 2 2
2 2 2 2 2 2 2 2 2 2
2 2 2 2 2 2 2 2 2 2
2 2 2 2 2 2 2 2 2 2
2 2 2 2 2 2 2 2 2 2
2 2 2 2 2 2 2 2 2 2
2 21 0
2 2 2 2 2 2 2 2 2 2
2 2 2 2 2 2 2 2 2 2
2 2 2 2 2 2 2 2 2 2
2 2 2 2 2 2 2 2 2 2
2 2 2 2 2 2 2 2 2 2
2 2 2 2 2 2 2 2 2 2
2 2 2 2 2 2 2 2 2 2
2 2 2 2 2 2 2 2 2 2
2 2 2 2 2 2 2 2 2 2
2 2 2 2 2 2 2 2 2 2
2 22 0
2 2 2 2 2 2 2 2 2 2
2 2 2 2 2 2 2 2 2 2
2 2 2 2 2 2 2 2 2 2
2 2 2 2 2 2 2 2 2 2
2 2 2 2 2 2 2 2 2 2
2 2 2 2 2 2 2 2 2 2
2 2 2 2 2 2 2 2 2 2
2 2 2 2 2 2 2 2 2 2
2 2 2 2 2 2 2 2 2 2
2 2 2 2 2 2 2 2 2 2
2 23 0
2 2 2 2 2 2 2 2 2 2
2 2 2 2 2 2 2 2 2 2
2 2 2 2 2 2 2 2 2 2
2 2 2 2 2 2 2 2 2 2
2 2 2 2 2 2 2 2 2 2
2 2 2 2 2 2 2 2 2 2
2 2 2 2 2 2 2 2 2 2
2 2 2 2 2 2 2 2 2 2
2 2 2 2 2 2 2 2 2 2
2 2 2 2 2 2 2 2 2 2
2 26 1
3 10 2 8 5 6 2 4 3 5
4 1 3 10 2 3 1 3 5 2
3 9 6 4 6 5 9 9 1 3
8 9 5 1 1 2 3 9 7 8
8 3 7 5 3 7 2 6 8 2
6 6 1 5 2 9 4 10 3 10
5 10 1 9 10 7 3 6 8 9
8 7 7 4 8 3 5 1 3 6
1 7 10 8 7 6 7 2 9 2
10 10 6 8 3 4 7 3 3 9
2 30 1
5 9 10 10 8 5 9 5 4 7
4 10 6 3 2 9 6 5 10 9
7 7 5 10 10 6 7 3 4 7
6 5 1 7 1 10 5 8 7 1
1 6 8 2 2 1 3 8 3 5
2 3 5 10 10 3 10 10 9 3
3 2 3 2 7 10 7 10 2 7
6 7 1 2 7 7 4 3 8 9
8 4 2 6 9 7 9 3 1 9
7 1 5 9 3 10 5 10 10 8
2 31 1
4 3 7 5 3 2 10 8 4 3
2 1 5 7 5 5 9 2 3 4
2 9 1 9 9 4 6 8 4 1
7 7 2 7 5 6 3 5 10 6
1 10 9 8 3 3 10 9 4 8
8 10 2 8 4 3 2 9 2 7
8 2 7 5 5 3 9 1 2 7
7 2 5 7 7 3 8 9 10 6
4 10 2 7 9 3 10 10 5 1
3 9 9 3 9 10 10 7 2 10
2 32 0
1 1 1 1 1 1 1 1 1 1
1 1 1 1 1 1 1 1 1 1
1 1 1 1 1 1 1 1 1 1
1 1 1 1 1 1 1 1 1 1
1 1 1 1 1 1 1 1 1 1
1 1 1 1 1 1 1 1 1 1
1 1 1 1 1 1 1 1 1 1
1 1 1 1 1 1 1 1 1 1
1 1 1 1 1 1 1 1 1 1
1 1 1 1 1 1 1 1 1 1
3 7 0
2 2 2 2 2 2 2 2 2 2
2 2 2 2 2 2 2 2 2 2
2 2 2 2 2 2 2 2 2 2
2 2 2 2 2 2 2 2 2 2
2 2 2 2 2 2 2 2 2 2
2 2 2 2 2 2 2 2 2 2
2 2 2 2 2 2 2 2 2 2
2 2 2 2 2 2 2 2 2 2
2 2 2 2 2 2 2 2 2 2
2 2 2 2 2 2 2 2 2 2
3 9 1
1 2 5 1 10 2 5 9 3 2
5 4 7 4 9 10 7 4 5 6
6 9 4 7 1 2 3 1 5 8
2 3 7 10 2 9 6 10 5 6
9 9 1 2 10 10 7 1 6 7
2 5 9 3 8 9 6 4 1 9
9 5 2 6 9 3 7 4 2 8
7 7 6 1 9 10 7 8 3 10
3 5 7 7 9 3 7 9 2 7
7 6 6 7 3 7 4 2 1 10
3 10 1
1 9 5 9 10 4 9 3 4 5
1 4 1 6 2 4 5 3 3 9
3 7 5 7 4 1 2 4 6 3
3 7 1 4 6 9 8 3 7 2
4 5 10 6 2 10 6 5 7 4
8 3 9 3 10 7 7 6 9 4
1 2 6 8 8 4 2 6 2 7
10 10 5 3 2 9 3 5 2 10
3 5 5 8 6 6 2 7 4 9
9 7 4 3 7 10 2 7 6 10
3 11 1
7 5 2 9 4 3 5 6 6 9
3 8 1 9 2 3 6 2 8 2
9 7 2 7 8 5 4 10 6 5
4 7 5 2 2 2 7 8 6 2
3 1 9 8 7 8 5 3 3 5
2 8 6 3 7 6 4 8 6 6
6 1 5 7 8 8 6 9 7 9
6 9 10 4 6 5 8 5 8 2
10 2 10 2 1 9 1 8 3 6
3 3 4 10 5 2 5 6 7 2
3 12 0
2 2 2 2 2 2 2 2 2 2
2 2 2 2 2 2 2 2 2 2
2 2 2 2 2 2 2 2 2 2
2 2 2 2 2 2 2 2 2 2
2 2 2 2 2 2 2 2 2 2
2 2 2 2 2 2 2 2 2 2
2 2 2 2 2 2 2 2 2 2
2 2 2 2 2 2 2 2 2 2
2 2 2 2 2 2 2 2 2 2
2 2 2 2 2 2 2 2 2 2
3 13 0
1 1 1 1 1 1 1 1 1 1
1 1 1 1 1 1 1 1 1 1
1 1 1 1 1 1 1 1 1 1
1 1 1 1 1 1 1 1 1 1
1 1 1 1 1 1 1 1 1 1
1 1 1 1 1 1 1 1 1 1
1 1 1 1 1 1 1 1 1 1
1 1 1 1 1 1 1 1 1 1
1 1 1 1 1 1 1 1 1 1
1 1 1 1 1 1 1 1 1 1
3 14 1
3 6 3 6 1 8 3 2 5 10
2 2 7 8 6 8 3 9 2 7
9 5 1 6 4 3 3 9 10 5
3 3 2 2 6 3 4 10 5 6
9 4 7 4 7 1 3 5 10 4
1 10 5 2 5 2 5 4 6 3
7 5 7 9 3 2 7 5 8 7
7 6 8 10 4 9 9 10 6 9
10 7 8 6 4 10 5 8 8 7
10 1 3 9 10 6 9 4 9 1
3 15 1
10 8 3 10 2 5 9 1 10 10
8 9 3 6 8 2 2 7 2 4
1 9 9 6 3 7 5 2 4 1
5 1 2 4 7 1 9 9 7 3
5 3 10 6 3 10 1 8 5 9
5 6 5 8 9 7 5 6 4 4
8 4 10 8 5 8 7 3 10 1
10 1 5 3 9 9 10 10 10 4
5 6 7 7 5 9 6 5 10 5
2 4 9 2 4 8 3 2 10 9
3 19 1
2 2 2 10 3 6 8 3 6 4
2 9 1 4 10 9 1 9 7 6
1 8 5 6 5 3 2 2 8 2
7 1 9 3 4 6 4 4 9 10
8 5 10 7 2 2 5 8 8 2
1 9 10 2 2 6 4 8 4 7
3 1 7 10 10 7 2 4 3 3
8 8 4 6 8 10 6 1 4 8
10 10 7 3 9 1 3 3 1 8
6 2 8 6 2 7 4 5 1 3
3 20 1
8 2 8 9 10 5 10 10 5 4
4 6 5 9 9 2 6 9 5 4
2 4 10 10 5 7 6 10 4 9
3 10 9 4 4 8 8 8 7 6
1 8 2 10 8 2 7 4 6 8
8 7 10 8 4 1 4 3 1 5
6 2 8 10 2 2 9 9 1 6
1 10 1 4 9 9 10 8 10 3
1 5 4 2 4 1 10 5 6 3
2 5 9 6 1 9 10 2 1 6
3 29 1
9 1 9 8 2 3 4 1 2 10
7 6 1 1 2 8 9 5 10 7
5 2 10 10 2 5 4 4 3 1
6 10 4 5 1 6 4 5 9 7
10 9 8 10 7 8 5 5 1 2
10 2 10 9 1 6 2 6 5 9
7 2 9 5 9 10 1 9 1 2
9 2 2 8 5 6 6 1 1 1
10 6 6 7 9 8 5 9 7 6
10 5 4 1 10 7 5 8 6 4
3 32 0
1 1 1 1 1 1 1 1 1 1
1 1 1 1 1 1 1 1 1 1
1 1 1 1 1 1 1 1 1 1
1 1 1 1 1 1 1 1 1 1
1 1 1 1 1 1 1 1 1 1
1 1 1 1 1 1 1 1 1 1
1 1 1 1 1 1 1 1 1 1
1 1 1 1 1 1 1 1 1 1
1 1 1 1 1 1 1 1 1 1
1 1 1 1 1 1 1 1 1 1
3 34 1
7 3 10 5 2 6 2 9 1 9
3 9 7 6 6 2 7 10 5 3
10 9 2 5 2 9 10 8 2 2
9 7 6 5 3 7 4 6 4 1
1 3 4 9 9 6 3 8 9 9
4 9 8 3 2 9 3 5 5 10
8 5 8 1 5 4 9 7 8 6
8 9 9 10 2 7 1 7 3 8
2 5 3 4 2 9 5 8 9 10
9 8 9 6 6 10 3 6 2 1
3 36 1
5 2 5 8 3 8 5 2 7 7
9 9 1 1 5 8 8 1 9 6
4 7 10 7 6 1 8 7 9 10
2 2 10 8 5 6 9 7 2 2
3 5 4 9 6 9 1 8 3 6
6 4 5 3 8 3 4 2 7 9
3 8 7 2 6 3 5 5 4 9
10 4 5 7 2 9 6 1 7 4
8 4 1 5 6 1 1 7 4 5
2 10 7 1 1 1 8 7 10 6
3 38 1
3 9 6 3 4 2 3 4 3 1
8 2 3 4 5 8 3 2 1 5
9 4 7 8 6 6 7 10 5 5
8 4 2 3 1 4 7 6 9 6
1 6 7 7 7 4 4 5 1 3
9 9 1 8 10 6 7 4 2 7
4 1 9 3 5 8 2 1 6 8
1 9 1 9 8 7 8 9 7 6
2 2 8 4 4 5 5 5 8 7
4 4 10 5 3 7 5 2 9 5
3 41 0
1 1 1 1 1 1 1 1 1 1
1 1 1 1 1 1 1 1 1 1
1 1 1 1 1 1 1 1 1 1
1 1 1 1 1 1 1 1 1 1
1 1 1 1 1 1 1 1 1 1
1 1 1 1 1 1 1 1 1 1
1 1 1 1 1 1 1 1 1 1
1 1 1 1 1 1 1 1 1 1
1 1 1 1 1 1 1 1 1 1
1 1 1 1 1 1 1 1 1 1
3 42 1
8 7 7 1 10 9 7 2 8 4
1 9 6 10 5 1 10 10 2 8
10 6 7 7 5 2 3 1 3 2
6 1 9 10 2 5 5 7 4 3
10 6 1 5 3 4 3 8 9 4
1 5 2 5 6 5 4 5 5 8
5 6 6 2 4 5 9 6 3 8
2 1 10 8 1 7 9 4 5 4
9 4 8 6 10 4 8 4 7 4
8 5 5 3 1 3 4 5 6 6
3 46 0
2 2 2 2 2 2 2 2 2 2
2 2 2 2 2 2 2 2 2 2
2 2 2 2 2 2 2 2 2 2
2 2 2 2 2 2 2 2 2 2
2 2 2 2 2 2 2 2 2 2
2 2 2 2 2 2 2 2 2 2
2 2 2 2 2 2 2 2 2 2
2 2 2 2 2 2 2 2 2 2
2 2 2 2 2 2 2 2 2 2
2 2 2 2 2 2 2 2 2 2
3 47 0
2 2 2 2 2 2 2 2 2 2
2 2 2 2 2 2 2 2 2 2
2 2 2 2 2 2 2 2 2 2
2 2 2 2 2 2 2 2 2 2
2 2 2 2 2 2 2 2 2 2
2 2 2 2 2 2 2 2 2 2
2 2 2 2 2 2 2 2 2 2
2 2 2 2 2 2 2 2 2 2
2 2 2 2 2 2 2 2 2 2
2 2 2 2 2 2 2 2 2 2
3 48 0
1 1 1 1 1 1 1 1 1 1
1 1 1 1 1 1 1 1 1 1
1 1 1 1 1 1 1 1 1 1
1 1 1 1 1 1 1 1 1 1
1 1 1 1 1 1 1 1 1 1
1 1 1 1 1 1 1 1 1 1
1 1 1 1 1 1 1 1 1 1
1 1 1 1 1 1 1 1 1 1
1 1 1 1 1 1 1 1 1 1
1 1 1 1 1 1 1 1 1 1
4 33 0
1 1 1 1 1 1 1 1 1 1
1 1 1 1 1 1 1 1 1 1
1 1 1 1 1 1 1 1 1 1
1 1 1 1 1 1 1 1 1 1
1 1 1 1 1 1 1 1 1 1
1 1 1 1 1 1 1 1 1 1
1 1 1 1 1 1 1 1 1 1
1 1 1 1 1 1 1 1 1 1
1 1 1 1 1 1 1 1 1 1
1 1 1 1 1 1 1 1 1 1
4 5 1
2 8 2 7 9 10 10 9 1 9
10 4 9 5 8 2 4 9 5 10
9 8 9 6 5 1 4 7 3 4
5 9 2 2 2 5 9 2 9 1
2 9 8 5 10 7 6 8 2 4
9 10 7 4 3 1 6 10 1 2
7 3 7 7 3 6 2 1 6 4
7 1 3 10 10 7 4 10 8 4
1 2 3 2 3 2 7 2 10 3
5 8 9 4 7 4 6 10 7 2
4 38 1
3 9 7 2 5 5 10 6 6 3
2 6 1 4 1 6 4 1 3 6
4 8 6 8 6 10 8 1 4 5
8 3 10 8 1 9 2 2 4 2
1 6 7 4 10 9 3 3 10 6
4 4 10 10 7 2 7 6 9 2
4 8 10 4 8 1 10 8 8 8
4 7 6 9 6 5 6 3 1 3
6 9 7 1 2 2 2 8 5 1
6 8 8 9 5 5 7 7 6 6
4 39 0
1 1 1 1 1 1 1 1 1 1
1 1 1 1 1 1 1 1 1 1
1 1 1 1 1 1 1 1 1 1
1 1 1 1 1 1 1 1 1 1
1 1 1 1 1 1 1 1 1 1
1 1 1 1 1 1 1 1 1 1
1 1 1 1 1 1 1 1 1 1
1 1 1 1 1 1 1 1 1 1
1 1 1 1 1 1 1 1 1 1
1 1 1 1 1 1 1 1 1 1
4 40 0
2 2 2 2 2 2 2 2 2 2
2 2 2 2 2 2 2 2 2 2
2 2 2 2 2 2 2 2 2 2
2 2 2 2 2 2 2 2 2 2
2 2 2 2 2 2 2 2 2 2
2 2 2 2 2 2 2 2 2 2
2 2 2 2 2 2 2 2 2 2
2 2 2 2 2 2 2 2 2 2
2 2 2 2 2 2 2 2 2 2
2 2 2 2 2 2 2 2 2 2
4 41 0
1 1 1 1 1 1 1 1 1 1
1 1 1 1 1 1 1 1 1 1
1 1 1 1 1 1 1 1 1 1
1 1 1 1 1 1 1 1 1 1
1 1 1 1 1 1 1 1 1 1
1 1 1 1 1 1 1 1 1 1
1 1 1 1 1 1 1 1 1 1
1 1 1 1 1 1 1 1 1 1
1 1 1 1 1 1 1 1 1 1
1 1 1 1 1 1 1 1 1 1
4 43 0
1 1 1 1 1 1 1 1 1 1
1 1 1 1 1 1 1 1 1 1
1 1 1 1 1 1 1 1 1 1
1 1 1 1 1 1 1 1 1 1
1 1 1 1 1 1 1 1 1 1
1 1 1 1 1 1 1 1 1 1
1 1 1 1 1 1 1 1 1 1
1 1 1 1 1 1 1 1 1 1
1 1 1 1 1 1 1 1 1 1
1 1 1 1 1 1 1 1 1 1
4 44 1
8 6 8 9 3 3 2 4 4 9
9 7 8 1 3 4 1 6 3 10
10 8 5 1 7 1 8 4 8 8
4 1 5 7 5 8 4 5 10 8
3 8 10 3 4 3 8 6 3 2
2 1 3 4 4 7 9 8 4 2
7 9 9 1 6 2 1 10 9 4
1 1 5 8 4 2 8 5 3 7
3 3 9 8 1 9 3 9 10 4
8 10 9 10 6 10 2 2 8 6
4 47 1
10 3 7 10 10 8 8 7 8 2
7 5 7 1 1 1 2 3 6 2
7 2 5 8 1 4 3 5 8 4
8 8 2 6 8 4 10 6 9 2
9 1 3 4 1 8 9 6 10 9
3 2 4 4 8 9 7 2 6 6
6 1 3 5 9 9 7 9 6 3
1 9 4 5 5 5 8 2 5 4
3 5 9 7 6 1 6 2 9 1
8 9 1 7 10 4 1 9 2 1
4 16 0
2 2 2 2 2 2 2 2 2 2
2 2 2 2 2 2 2 2 2 2
2 2 2 2 2 2 2 2 2 2
2 2 2 2 2 2 2 2 2 2
2 2 2 2 2 2 2 2 2 2
2 2 2 2 2 2 2 2 2 2
2 2 2 2 2 2 2 2 2 2
2 2 2 2 2 2 2 2 2 2
2 2 2 2 2 2 2 2 2 2
2 2 2 2 2 2 2 2 2 2
4 49 1
7 3 2 3 9 1 5 9 2 6
5 3 2 5 7 5 9 3 10 9
3 7 8 1 9 2 5 3 4 1
2 6 9 3 1 5 8 10 8 3
7 5 1 10 8 10 10 3 8 1
3 5 3 7 1 9 6 6 10 4
2 9 10 6 6 6 4 10 1 1
4 8 9 7 10 3 9 8 9 6
6 10 8 8 7 3 10 4 4 1
1 6 8 1 9 6 6 5 9 1
4 18 1
5 10 4 2 9 6 5 9 3 10
10 2 9 6 9 10 7 8 8 7
10 8 8 10 10 9 1 10 9 7
6 1 5 7 5 9 3 10 5 4
8 2 4 4 9 6 8 2 7 8
7 3 7 5 7 3 4 1 4 3
3 4 10 3 5 3 2 10 9 7
7 9 5 2 3 8 5 10 4 2
4 10 10 8 1 10 2 8 7 8
10 2 6 1 4 8 3 5 9 5
4 22 1
7 7 2 8 10 9 6 8 3 10
3 1 4 3 4 6 10 2 6 1
5 3 9 7 2 2 9 7 5 8
10 3 6 7 8 5 1 7 9 4
5 4 10 5 5 5 3 5 8 9
8 9 3 4 10 10 2 1 2 6
2 7 6 2 6 5 10 5 2 5
2 5 1 3 5 2 8 2 4 3
7 6 10 1 10 7 7 1 6 4
8 5 5 10 7 1 4 1 7 4
4 23 0
2 2 2 2 2 2 2 2 2 2
2 2 2 2 2 2 2 2 2 2
2 2 2 2 2 2 2 2 2 2
2 2 2 2 2 2 2 2 2 2
2 2 2 2 2 2 2 2 2 2
2 2 2 2 2 2 2 2 2 2
2 2 2 2 2 2 2 2 2 2
2 2 2 2 2 2 2 2 2 2
2 2 2 2 2 2 2 2 2 2
2 2 2 2 2 2 2 2 2 2
4 37 1
4 10 3 5 9 1 5 2 10 7
1 2 8 9 2 4 6 2 5 5
8 1 2 9 3 3 9 8 5 3
8 2 3 8 8 7 1 10 1 3
7 10 4 3 3 5 3 4 2 1
9 3 8 5 8 5 5 1 1 9
7 7 6 6 8 3 10 6 6 6
5 1 9 9 4 4 3 3 1 9
9 6 5 9 9 7 3 9 1 7
1 4 3 3 1 9 1 7 5 2
4 27 0
1 1 1 1 1 1 1 1 1 1
1 1 1 1 1 1 1 1 1 1
1 1 1 1 1 1 1 1 1 1
1 1 1 1 1 1 1 1 1 1
1 1 1 1 1 1 1 1 1 1
1 1 1 1 1 1 1 1 1 1
1 1 1 1 1 1 1 1 1 1
1 1 1 1 1 1 1 1 1 1
1 1 1 1 1 1 1 1 1 1
1 1 1 1 1 1 1 1 1 1
5 6 0
2 2 2 2 2 2 2 2 2 2
2 2 2 2 2 2 2 2 2 2
2 2 2 2 2 2 2 2 2 2
2 2 2 2 2 2 2 2 2 2
2 2 2 2 2 2 2 2 2 2
2 2 2 2 2 2 2 2 2 2
2 2 2 2 2 2 2 2 2 2
2 2 2 2 2 2 2 2 2 2
2 2 2 2 2 2 2 2 2 2
2 2 2 2 2 2 2 2 2 2
5 39 1
8 5 7 4 8 1 9 1 4 10
5 7 6 1 8 6 7 2 3 8
8 4 3 3 8 8 8 3 1 1
2 1 8 1 3 9 7 3 2 8
4 1 9 4 7 7 9 2 1 6
7 7 3 7 2 6 5 4 6 6
10 5 5 4 10 5 2 9 9 10
6 5 7 10 9 7 9 9 7 10
8 9 6 9 6 4 10 1 10 5
1 8 9 8 6 5 3 6 8 3
5 40 1
1 10 4 2 9 1 4 9 9 6
5 4 5 1 1 3 2 8 9 7
10 2 2 1 9 3 6 5 8 1
4 1 5 9 7 8 1 8 7 8
4 4 9 10 8 1 7 10 3 6
1 8 1 9 5 4 2 4 5 6
10 7 9 1 4 3 3 1 9 5
7 7 6 1 8 8 3 6 9 7
7 1 2 6 5 10 3 1 1 6
1 7 2 7 2 2 3 1 9 9
5 41 0
1 1 1 1 1 1 1 1 1 1
1 1 1 1 1 1 1 1 1 1
1 1 1 1 1 1 1 1 1 1
1 1 1 1 1 1 1 1 1 1
1 1 1 1 1 1 1 1 1 1
1 1 1 1 1 1 1 1 1 1
1 1 1 1 1 1 1 1 1 1
1 1 1 1 1 1 1 1 1 1
1 1 1 1 1 1 1 1 1 1
1 1 1 1 1 1 1 1 1 1
5 12 1
6 10 3 8 10 7 3 6 6 3
8 1 8 3 4 5 1 1 1 8
10 6 10 2 2 6 3 5 4 1
1 7 2 10 1 2 9 4 5 6
5 7 10 7 7 3 5 9 3 1
9 3 9 5 9 2 4 1 4 8
10 2 7 6 3 7 1 8 6 4
2 2 1 9 6 7 9 4 10 2
10 2 5 8 9 1 7 8 9 1
4 4 2 7 2 10 8 2 7 8
5 17 1
6 5 8 10 7 5 10 1 6 9
3 5 1 3 3 7 1 7 10 3
5 9 3 6 3 2 6 7 9 10
1 1 1 10 2 4 6 7 10 3
8 5 2 1 9 4 7 6 10 9
1 8 5 2 6 10 6 3 4 5
3 4 2 1 6 3 10 7 10 6
8 3 7 2 4 8 8 2 9 3
7 8 3 2 1 6 10 5 4 6
1 5 2 2 3 6 9 2 10 4
5 20 0
1 1 1 1 1 1 1 1 1 1
1 1 1 1 1 1 1 1 1 1
1 1 1 1 1 1 1 1 1 1
1 1 1 1 1 1 1 1 1 1
1 1 1 1 1 1 1 1 1 1
1 1 1 1 1 1 1 1 1 1
1 1 1 1 1 1 1 1 1 1
1 1 1 1 1 1 1 1 1 1
1 1 1 1 1 1 1 1 1 1
1 1 1 1 1 1 1 1 1 1
5 21 0
1 1 1 1 1 1 1 1 1 1
1 1 1 1 1 1 1 1 1 1
1 1 1 1 1 1 1 1 1 1
1 1 1 1 1 1 1 1 1 1
1 1 1 1 1 1 1 1 1 1
1 1 1 1 1 1 1 1 1 1
1 1 1 1 1 1 1 1 1 1
1 1 1 1 1 1 1 1 1 1
1 1 1 1 1 1 1 1 1 1
1 1 1 1 1 1 1 1 1 1
5 24 0
2 2 2 2 2 2 2 2 2 2
2 2 2 2 2 2 2 2 2 2
2 2 2 2 2 2 2 2 2 2
2 2 2 2 2 2 2 2 2 2
2 2 2 2 2 2 2 2 2 2
2 2 2 2 2 2 2 2 2 2
2 2 2 2 2 2 2 2 2 2
2 2 2 2 2 2 2 2 2 2
2 2 2 2 2 2 2 2 2 2
2 2 2 2 2 2 2 2 2 2
5 32 1
7 3 5 1 1 9 9 3 3 5
3 4 5 3 4 1 2 3 2 4
7 4 8 10 2 6 3 7 8 4
3 8 10 1 5 1 6 2 8 1
2 6 10 9 10 7 2 7 8 5
7 2 6 9 8 6 8 3 5 6
1 4 5 8 9 5 10 1 9 3
3 6 9 7 8 9 3 3 8 10
1 3 6 8 7 4 6 3 4 9
4 4 7 6 1 9 7 10 1 5
6 18 1
7 6 9 5 9 2 4 5 2 1
1 3 9 1 10 9 5 2 3 3
5 4 3 10 7 1 9 4 6 5
8 7 5 2 7 6 2 10 2 8
1 8 1 9 1 1 9 6 5 6
10 2 4 1 3 10 9 7 10 2
5 5 4 10 9 5 4 3 5 5
10 5 8 1 8 9 10 8 3 1
2 9 3 10 1 1 1 1 5 8
7 7 1 3 5 10 2 5 7 7
6 41 1
9 8 4 3 3 1 6 1 1 8
10 9 8 1 1 5 6 6 7 8
7 1 9 10 4 6 5 7 5 4
10 7 4 3 4 2 10 2 4 3
6 6 6 3 5 10 7 1 3 7
10 5 8 9 10 9 4 7 4 3
3 1 7 2 9 2 3 5 6 5
9 10 5 6 7 7 7 4 3 2
5 10 9 6 2 8 2 6 5 6
1 8 9 7 2 3 3 10 2 6
6 42 1
7 10 2 1 10 6 3 6 3 3
2 3 10 5 6 6 5 2 9 9
2 4 5 8 3 3 8 3 3 3
9 6 2 9 1 2 10 6 9 4
10 1 2 3 10 9 1 2 7 9
3 7 3 7 9 2 1 8 2 7
6 10 10 10 9 3 1 8 9 10
2 6 7 7 8 10 1 8 9 5
8 3 8 6 1 9 8 3 4 6
7 9 4 3 9 4 5 5 10 7
6 43 1
4 7 7 2 6 2 2 10 1 5
7 3 5 3 7 6 4 7 3 1
10 10 8 1 6 8 6 1 7 5
3 7 8 7 1 1 8 1 1 6
7 5 7 7 4 5 4 8 10 1
1 3 9 5 3 10 8 5 2 10
2 8 4 6 3 8 5 9 5 3
8 3 2 8 4 10 2 6 4 7
9 8 8 1 8 6 3 7 3 2
10 2 5 6 5 6 2 9 3 5
6 12 1
1 7 4 7 7 10 2 4 9 9
5 8 2 1 5 1 1 1 1 9
5 3 10 4 8 2 3 8 1 9
8 9 2 10 6 5 6 10 3 3
9 4 7 2 7 6 4 5 5 5
3 9 4 4 4 7 7 7 1 9
3 3 1 8 4 8 1 8 5 3
9 1 4 6 3 7 1 4 2 1
2 10 4 3 1 9 8 1 5 8
6 5 8 10 2 10 2 7 10 5
6 13 1
1 7 8 10 8 9 2 7 9 2
6 10 8 7 8 6 2 4 7 3
1 7 7 9 10 3 4 3 5 1
9 1 6 5 6 8 3 6 10 6
9 10 10 6 3 2 8 1 8 10
2 9 6 1 4 3 4 3 9 3
4 4 10 4 4 1 8 4 2 3
5 10 3 10 8 8 9 1 5 6
5 10 3 2 9 5 5 5 6 5
1 8 7 5 7 3 2 10 9 4
6 15 0
1 1 1 1 1 1 1 1 1 1
1 1 1 1 1 1 1 1 1 1
1 1 1 1 1 1 1 1 1 1
1 1 1 1 1 1 1 1 1 1
1 1 1 1 1 1 1 1 1 1
1 1 1 1 1 1 1 1 1 1
1 1 1 1 1 1 1 1 1 1
1 1 1 1 1 1 1 1 1 1
1 1 1 1 1 1 1 1 1 1
1 1 1 1 1 1 1 1 1 1
6 16 1
3 4 2 2 8 5 2 5 4 8
5 7 10 8 6 4 1 10 6 2
3 8 9 10 7 4 6 2 6 5
5 2 2 6 6 6 10 5 1 4
5 3 8 3 1 6 1 8 2 10
4 9 9 2 5 8 5 5 9 5
9 6 4 7 3 9 2 3 1 2
2 8 5 1 4 9 4 4 4 3
5 2 7 10 9 3 9 10 6 4
6 5 8 2 1 3 7 8 7 2
6 17 1
4 9 7 7 5 9 3 8 5 8
6 3 5 2 10 1 8 2 6 10
6 2 7 1 3 2 5 3 8 4
4 7 9 7 10 10 6 5 9 3
5 3 10 10 6 4 4 7 7 5
8 5 6 10 5 2 5 6 3 7
5 8 10 8 6 8 9 1 7 8
9 2 9 3 3 5 4 8 4 1
9 6 8 8 7 10 4 4 6 5
1 7 10 1 10 4 8 7 2 8
6 50 1
7 6 6 1 3 5 8 3 2 1
7 2 7 3 1 3 4 2 3 4
7 5 1 5 3 4 9 1 6 7
9 9 2 5 2 2 2 8 2 5
7 2 4 6 7 7 5 1 3 9
5 7 9 5 7 7 3 4 5 6
5 6 7 5 10 9 7 1 5 10
2 4 5 7 6 4 9 4 9 1
5 8 3 1 7 1 8 5 3 9
10 5 7 2 8 10 5 3 9 2
6 20 0
2 2 2 2 2 2 2 2 2 2
2 2 2 2 2 2 2 2 2 2
2 2 2 2 2 2 2 2 2 2
2 2 2 2 2 2 2 2 2 2
2 2 2 2 2 2 2 2 2 2
2 2 2 2 2 2 2 2 2 2
2 2 2 2 2 2 2 2 2 2
2 2 2 2 2 2 2 2 2 2
2 2 2 2 2 2 2 2 2 2
2 2 2 2 2 2 2 2 2 2
6 24 0
2 2 2 2 2 2 2 2 2 2
2 2 2 2 2 2 2 2 2 2
2 2 2 2 2 2 2 2 2 2
2 2 2 2 2 2 2 2 2 2
2 2 2 2 2 2 2 2 2 2
2 2 2 2 2 2 2 2 2 2
2 2 2 2 2 2 2 2 2 2
2 2 2 2 2 2 2 2 2 2
2 2 2 2 2 2 2 2 2 2
2 2 2 2 2 2 2 2 2 2
6 37 0
1 1 1 1 1 1 1 1 1 1
1 1 1 1 1 1 1 1 1 1
1 1 1 1 1 1 1 1 1 1
1 1 1 1 1 1 1 1 1 1
1 1 1 1 1 1 1 1 1 1
1 1 1 1 1 1 1 1 1 1
1 1 1 1 1 1 1 1 1 1
1 1 1 1 1 1 1 1 1 1
1 1 1 1 1 1 1 1 1 1
1 1 1 1 1 1 1 1 1 1
6 28 1
8 3 4 2 7 10 7 2 6 2
5 7 7 6 6 4 4 7 2 10
4 5 7 3 10 9 6 8 4 4
5 1 2 9 10 7 3 8 5 5
5 3 8 5 10 1 10 5 4 9
4 3 5 10 9 1 4 4 9 10
1 9 6 6 8 10 6 9 1 4
6 6 2 5 10 10 6 6 4 1
10 7 2 4 2 2 3 3 8 3
9 10 6 3 5 9 3 9 8 3
6 32 0
2 2 2 2 2 2 2 2 2 2
2 2 2 2 2 2 2 2 2 2
2 2 2 2 2 2 2 2 2 2
2 2 2 2 2 2 2 2 2 2
2 2 2 2 2 2 2 2 2 2
2 2 2 2 2 2 2 2 2 2
2 2 2 2 2 2 2 2 2 2
2 2 2 2 2 2 2 2 2 2
2 2 2 2 2 2 2 2 2 2
2 2 2 2 2 2 2 2 2 2
7 33 0
2 2 2 2 2 2 2 2 2 2
2 2 2 2 2 2 2 2 2 2
2 2 2 2 2 2 2 2 2 2
2 2 2 2 2 2 2 2 2 2
2 2 2 2 2 2 2 2 2 2
2 2 2 2 2 2 2 2 2 2
2 2 2 2 2 2 2 2 2 2
2 2 2 2 2 2 2 2 2 2
2 2 2 2 2 2 2 2 2 2
2 2 2 2 2 2 2 2 2 2
7 35 1
4 9 7 10 9 3 2 4 9 3
3 3 5 7 10 4 4 5 3 4
9 7 6 1 9 5 8 9 1 10
9 8 4 8 9 8 6 8 10 8
2 6 1 7 1 8 10 6 6 7
6 2 3 6 10 8 2 2 7 8
5 10 10 3 10 8 10 7 4 9
3 3 7 5 6 9 3 1 3 1
3 5 1 1 2 2 1 2 10 8
3 4 1 7 6 4 1 2 4 8
7 44 0
1 1 1 1 1 1 1 1 1 1
1 1 1 1 1 1 1 1 1 1
1 1 1 1 1 1 1 1 1 1
1 1 1 1 1 1 1 1 1 1
1 1 1 1 1 1 1 1 1 1
1 1 1 1 1 1 1 1 1 1
1 1 1 1 1 1 1 1 1 1
1 1 1 1 1 1 1 1 1 1
1 1 1 1 1 1 1 1 1 1
1 1 1 1 1 1 1 1 1 1
7 11 1
1 10 6 6 2 4 10 9 9 7
4 1 9 5 6 5 1 6 8 3
7 7 1 8 5 9 3 2 3 3
2 3 3 3 2 2 8 1 8 9
5 2 2 6 7 10 3 10 10 2
2 7 8 6 4 10 3 7 4 2
4 6 5 8 8 3 8 2 7 6
10 2 9 6 10 9 9 3 7 5
8 6 2 2 9 3 4 3 5 9
7 10 9 8 1 4 2 9 3 5
7 45 0
2 2 2 2 2 2 2 2 2 2
2 2 2 2 2 2 2 2 2 2
2 2 2 2 2 2 2 2 2 2
2 2 2 2 2 2 2 2 2 2
2 2 2 2 2 2 2 2 2 2
2 2 2 2 2 2 2 2 2 2
2 2 2 2 2 2 2 2 2 2
2 2 2 2 2 2 2 2 2 2
2 2 2 2 2 2 2 2 2 2
2 2 2 2 2 2 2 2 2 2
7 46 0
1 1 1 1 1 1 1 1 1 1
1 1 1 1 1 1 1 1 1 1
1 1 1 1 1 1 1 1 1 1
1 1 1 1 1 1 1 1 1 1
1 1 1 1 1 1 1 1 1 1
1 1 1 1 1 1 1 1 1 1
1 1 1 1 1 1 1 1 1 1
1 1 1 1 1 1 1 1 1 1
1 1 1 1 1 1 1 1 1 1
1 1 1 1 1 1 1 1 1 1
7 47 1
3 4 4 7 5 2 2 4 10 9
8 10 9 7 10 7 9 3 8 1
7 10 10 2 1 10 7 4 6 2
10 4 3 5 4 3 4 2 4 3
3 1 6 7 1 9 9 8 7 1
2 10 7 1 9 9 7 6 3 6
10 5 1 7 3 4 5 10 4 2
6 5 4 1 7 4 3 7 6 10
1 9 3 4 8 2 5 1 4 2
8 4 1 2 7 4 6 8 1 1
7 48 1
10 8 8 6 8 3 5 1 7 6
7 9 5 9 1 3 3 6 3 4
2 1 1 3 9 4 3 10 7 6
3 4 8 4 7 9 10 8 9 1
8 2 10 1 3 10 10 7 3 3
6 7 10 8 6 4 2 1 1 9
4 4 7 10 10 7 7 10 6 2
6 2 9 4 1 3 4 10 4 2
2 9 10 2 5 5 2 9 1 5
7 5 6 10 3 8 10 1 10 10
7 20 0
2 2 2 2 2 2 2 2 2 2
2 2 2 2 2 2 2 2 2 2
2 2 2 2 2 2 2 2 2 2
2 2 2 2 2 2 2 2 2 2
2 2 2 2 2 2 2 2 2 2
2 2 2 2 2 2 2 2 2 2
2 2 2 2 2 2 2 2 2 2
2 2 2 2 2 2 2 2 2 2
2 2 2 2 2 2 2 2 2 2
2 2 2 2 2 2 2 2 2 2
7 15 1
5 4 10 3 1 7 10 10 3 8
8 4 4 9 1 3 5 10 9 3
2 8 9 8 7 6 10 9 10 10
1 8 2 6 8 4 3 4 2 2
5 1 5 6 8 8 3 8 5 7
10 9 7 3 5 10 1 9 6 10
10 3 10 4 9 10 9 10 10 1
8 8 1 10 5 9 10 4 4 8
8 9 3 2 5 2 7 2 3 3
1 7 8 4 9 6 6 3 7 6
7 27 1
2 3 10 8 1 6 4 3 10 7
5 6 8 8 2 8 2 6 4 6
5 10 9 3 8 3 3 8 2 7
4 1 4 3 5 2 4 9 5 8
5 6 9 4 4 3 6 4 4 6
7 5 6 5 9 7 3 6 2 1
10 2 1 2 6 10 2 5 8 1
1 10 6 1 5 7 7 1 5 10
5 7 7 4 4 3 5 4 3 4
7 4 2 3 8 4 9 7 10 8
7 30 1
7 5 4 5 5 1 8 4 3 1
1 6 2 9 6 2 6 7 6 3
7 9 7 5 7 8 6 6 7 3
4 2 6 1 1 9 10 3 10 4
3 2 2 7 1 1 4 9 9 2
10 8 8 4 3 5 5 6 1 5
3 7 4 4 9 3 8 10 6 9
4 7 7 4 2 7 9 9 1 2
10 9 10 2 10 6 10 10 10 8
5 3 6 9 6 4 3 5 6 6
8 35 0
2 2 2 2 2 2 2 2 2 2
2 2 2 2 2 2 2 2 2 2
2 2 2 2 2 2 2 2 2 2
2 2 2 2 2 2 2 2 2 2
2 2 2 2 2 2 2 2 2 2
2 2 2 2 2 2 2 2 2 2
2 2 2 2 2 2 2 2 2 2
2 2 2 2 2 2 2 2 2 2
2 2 2 2 2 2 2 2 2 2
2 2 2 2 2 2 2 2 2 2
8 33 0
1 1 1 1 1 1 1 1 1 1
1 1 1 1 1 1 1 1 1 1
1 1 1 1 1 1 1 1 1 1
1 1 1 1 1 1 1 1 1 1
1 1 1 1 1 1 1 1 1 1
1 1 1 1 1 1 1 1 1 1
1 1 1 1 1 1 1 1 1 1
1 1 1 1 1 1 1 1 1 1
1 1 1 1 1 1 1 1 1 1
1 1 1 1 1 1 1 1 1 1
8 10 1
3 9 1 2 3 5 8 7 1 10
10 8 7 5 4 2 5 9 3 9
4 4 1 8 4 10 6 5 6 10
7 10 10 4 10 4 7 5 7 8
9 6 9 7 1 3 5 1 6 5
5 5 1 8 2 9 8 9 6 10
5 7 5 9 1 8 4 10 1 1
10 7 4 9 3 7 2 8 8 3
2 9 1 10 4 8 10 2 2 6
10 8 2 10 7 4 9 8 10 1
8 50 0
2 2 2 2 2 2 2 2 2 2
2 2 2 2 2 2 2 2 2 2
2 2 2 2 2 2 2 2 2 2
2 2 2 2 2 2 2 2 2 2
2 2 2 2 2 2 2 2 2 2
2 2 2 2 2 2 2 2 2 2
2 2 2 2 2 2 2 2 2 2
2 2 2 2 2 2 2 2 2 2
2 2 2 2 2 2 2 2 2 2
2 2 2 2 2 2 2 2 2 2
8 22 0
1 1 1 1 1 1 1 1 1 1
1 1 1 1 1 1 1 1 1 1
1 1 1 1 1 1 1 1 1 1
1 1 1 1 1 1 1 1 1 1
1 1 1 1 1 1 1 1 1 1
1 1 1 1 1 1 1 1 1 1
1 1 1 1 1 1 1 1 1 1
1 1 1 1 1 1 1 1 1 1
1 1 1 1 1 1 1 1 1 1
1 1 1 1 1 1 1 1 1 1
8 24 1
3 9 10 3 8 3 2 8 6 2
2 9 4 2 9 8 3 10 3 9
8 8 2 2 10 3 5 1 7 6
2 5 7 4 6 2 6 6 2 9
10 3 4 1 10 1 1 2 7 7
5 5 7 3 2 6 7 7 1 3
6 7 10 4 6 6 7 5 2 9
1 2 4 1 2 2 5 5 9 4
2 3 1 9 1 3 5 9 7 6
4 2 2 3 7 3 7 2 3 8
8 27 0
2 2 2 2 2 2 2 2 2 2
2 2 2 2 2 2 2 2 2 2
2 2 2 2 2 2 2 2 2 2
2 2 2 2 2 2 2 2 2 2
2 2 2 2 2 2 2 2 2 2
2 2 2 2 2 2 2 2 2 2
2 2 2 2 2 2 2 2 2 2
2 2 2 2 2 2 2 2 2 2
2 2 2 2 2 2 2 2 2 2
2 2 2 2 2 2 2 2 2 2
8 28 0
1 1 1 1 1 1 1 1 1 1
1 1 1 1 1 1 1 1 1 1
1 1 1 1 1 1 1 1 1 1
1 1 1 1 1 1 1 1 1 1
1 1 1 1 1 1 1 1 1 1
1 1 1 1 1 1 1 1 1 1
1 1 1 1 1 1 1 1 1 1
1 1 1 1 1 1 1 1 1 1
1 1 1 1 1 1 1 1 1 1
1 1 1 1 1 1 1 1 1 1
8 30 1
1 4 4 5 5 3 4 1 4 1
3 3 7 9 10 2 8 9 8 2
10 7 3 2 3 4 8 5 8 3
2 2 6 1 1 10 1 6 10 9
3 9 1 7 2 7 4 5 1 5
4 7 6 1 8 4 1 4 8 2
10 1 2 9 9 9 1 6 1 2
1 4 9 10 3 3 2 1 7 8
10 5 4 9 5 3 9 5 10 9
4 9 9 7 8 2 8 6 6 8
8 32 1
2 8 1 6 8 6 9 4 9 8
5 9 6 8 7 5 9 4 2 7
6 5 1 8 10 10 4 2 5 5
4 1 1 7 1 8 2 7 5 4
2 6 6 3 9 6 4 4 6 10
7 2 2 9 5 8 8 8 8 6
1 5 4 5 2 5 4 6 8 3
3 8 9 2 9 9 5 9 10 9
3 2 2 3 5 8 1 8 2 1
8 7 4 7 8 7 4 6 8 1
9 41 1
10 4 5 6 9 5 2 10 2 3
3 10 7 8 3 6 10 7 8 8
10 7 2 3 5 6 5 8 1 5
9 5 10 9 4 5 2 5 10 2
7 3 7 4 4 5 10 6 4 3
1 2 9 7 5 7 10 2 8 8
10 9 5 2 4 5 5 10 8 7
10 2 10 2 3 3 5 7 3 5
7 5 9 4 1 6 8 9 9 9
4 7 6 5 5 5 8 2 6 9
9 46 0
1 1 1 1 1 1 1 1 1 1
1 1 1 1 1 1 1 1 1 1
1 1 1 1 1 1 1 1 1 1
1 1 1 1 1 1 1 1 1 1
1 1 1 1 1 1 1 1 1 1
1 1 1 1 1 1 1 1 1 1
1 1 1 1 1 1 1 1 1 1
1 1 1 1 1 1 1 1 1 1
1 1 1 1 1 1 1 1 1 1
1 1 1 1 1 1 1 1 1 1
9 17 0
2 2 2 2 2 2 2 2 2 2
2 2 2 2 2 2 2 2 2 2
2 2 2 2 2 2 2 2 2 2
2 2 2 2 2 2 2 2 2 2
2 2 2 2 2 2 2 2 2 2
2 2 2 2 2 2 2 2 2 2
2 2 2 2 2 2 2 2 2 2
2 2 2 2 2 2 2 2 2 2
2 2 2 2 2 2 2 2 2 2
2 2 2 2 2 2 2 2 2 2
9 50 0
1 1 1 1 1 1 1 1 1 1
1 1 1 1 1 1 1 1 1 1
1 1 1 1 1 1 1 1 1 1
1 1 1 1 1 1 1 1 1 1
1 1 1 1 1 1 1 1 1 1
1 1 1 1 1 1 1 1 1 1
1 1 1 1 1 1 1 1 1 1
1 1 1 1 1 1 1 1 1 1
1 1 1 1 1 1 1 1 1 1
1 1 1 1 1 1 1 1 1 1
9 21 0
2 2 2 2 2 2 2 2 2 2
2 2 2 2 2 2 2 2 2 2
2 2 2 2 2 2 2 2 2 2
2 2 2 2 2 2 2 2 2 2
2 2 2 2 2 2 2 2 2 2
2 2 2 2 2 2 2 2 2 2
2 2 2 2 2 2 2 2 2 2
2 2 2 2 2 2 2 2 2 2
2 2 2 2 2 2 2 2 2 2
2 2 2 2 2 2 2 2 2 2
9 22 1
6 3 6 6 6 9 10 3 8 8
9 4 8 5 4 5 6 9 2 3
5 9 1 8 1 9 1 1 10 10
8 6 2 3 6 5 4 1 2 9
7 6 9 6 1 2 8 10 3 3
5 5 6 2 1 8 2 5 7 2
10 3 3 6 5 10 8 9 2 5
1 3 2 2 3 7 1 7 4 5
6 3 6 9 10 4 3 10 6 6
1 4 6 2 3 2 8 10 9 8
9 23 0
2 2 2 2 2 2 2 2 2 2
2 2 2 2 2 2 2 2 2 2
2 2 2 2 2 2 2 2 2 2
2 2 2 2 2 2 2 2 2 2
2 2 2 2 2 2 2 2 2 2
2 2 2 2 2 2 2 2 2 2
2 2 2 2 2 2 2 2 2 2
2 2 2 2 2 2 2 2 2 2
2 2 2 2 2 2 2 2 2 2
2 2 2 2 2 2 2 2 2 2
9 32 0
2 2 2 2 2 2 2 2 2 2
2 2 2 2 2 2 2 2 2 2
2 2 2 2 2 2 2 2 2 2
2 2 2 2 2 2 2 2 2 2
2 2 2 2 2 2 2 2 2 2
2 2 2 2 2 2 2 2 2 2
2 2 2 2 2 2 2 2 2 2
2 2 2 2 2 2 2 2 2 2
2 2 2 2 2 2 2 2 2 2
2 2 2 2 2 2 2 2 2 2
10 12 1
8 5 1 6 10 4 2 9 2 5
10 9 6 1 1 8 1 4 9 2
2 3 9 2 10 4 8 10 8 10
10 3 6 10 1 1 1 5 3 8
7 3 9 10 2 6 2 7 8 6
4 5 10 6 3 6 9 6 3 1
10 3 1 3 5 3 4 4 3 1
9 9 9 3 10 9 1 6 9 9
7 6 10 1 9 2 5 5 3 8
2 9 1 10 4 10 5 8 2 5
10 50 1
8 10 6 7 8 5 4 10 6 5
10 7 5 4 6 8 5 2 10 4
7 9 8 5 3 2 7 5 10 2
4 1 6 8 9 5 9 7 9 8
9 4 1 6 10 1 8 10 6 3
3 6 6 6 4 7 1 7 5 10
10 2 10 7 7 7 5 7 9 6
9 6 8 3 3 4 4 4 8 8
7 5 7 8 4 10 5 10 6 6
9 2 9 9 2 10 9 4 10 2
10 43 0
2 2 2 2 2 2 2 2 2 2
2 2 2 2 2 2 2 2 2 2
2 2 2 2 2 2 2 2 2 2
2 2 2 2 2 2 2 2 2 2
2 2 2 2 2 2 2 2 2 2
2 2 2 2 2 2 2 2 2 2
2 2 2 2 2 2 2 2 2 2
2 2 2 2 2 2 2 2 2 2
2 2 2 2 2 2 2 2 2 2
2 2 2 2 2 2 2 2 2 2
10 40 0
2 2 2 2 2 2 2 2 2 2
2 2 2 2 2 2 2 2 2 2
2 2 2 2 2 2 2 2 2 2
2 2 2 2 2 2 2 2 2 2
2 2 2 2 2 2 2 2 2 2
2 2 2 2 2 2 2 2 2 2
2 2 2 2 2 2 2 2 2 2
2 2 2 2 2 2 2 2 2 2
2 2 2 2 2 2 2 2 2 2
2 2 2 2 2 2 2 2 2 2
10 49 0
2 2 2 2 2 2 2 2 2 2
2 2 2 2 2 2 2 2 2 2
2 2 2 2 2 2 2 2 2 2
2 2 2 2 2 2 2 2 2 2
2 2 2 2 2 2 2 2 2 2
2 2 2 2 2 2 2 2 2 2
2 2 2 2 2 2 2 2 2 2
2 2 2 2 2 2 2 2 2 2
2 2 2 2 2 2 2 2 2 2
2 2 2 2 2 2 2 2 2 2
10 18 0
2 2 2 2 2 2 2 2 2 2
2 2 2 2 2 2 2 2 2 2
2 2 2 2 2 2 2 2 2 2
2 2 2 2 2 2 2 2 2 2
2 2 2 2 2 2 2 2 2 2
2 2 2 2 2 2 2 2 2 2
2 2 2 2 2 2 2 2 2 2
2 2 2 2 2 2 2 2 2 2
2 2 2 2 2 2 2 2 2 2
2 2 2 2 2 2 2 2 2 2
10 25 0
1 1 1 1 1 1 1 1 1 1
1 1 1 1 1 1 1 1 1 1
1 1 1 1 1 1 1 1 1 1
1 1 1 1 1 1 1 1 1 1
1 1 1 1 1 1 1 1 1 1
1 1 1 1 1 1 1 1 1 1
1 1 1 1 1 1 1 1 1 1
1 1 1 1 1 1 1 1 1 1
1 1 1 1 1 1 1 1 1 1
1 1 1 1 1 1 1 1 1 1
10 29 1
6 1 2 3 2 7 4 8 7 7
10 9 9 1 10 1 2 9 8 9
1 2 9 2 7 9 5 4 5 1
10 5 9 7 2 2 1 1 4 4
3 2 3 9 6 8 1 1 7 10
3 8 1 6 3 9 2 7 9 10
7 5 2 9 1 2 9 7 2 9
6 2 2 2 3 7 5 6 6 8
4 2 2 5 1 2 6 6 8 3
9 6 1 3 6 5 1 9 3 3
10 11 1
6 9 2 7 10 1 9 1 2 8
1 2 10 7 9 2 8 5 4 5
7 6 2 2 1 4 6 2 7 7
7 4 6 9 5 2 5 4 7 1
2 5 9 3 9 9 8 8 6 2
4 3 9 10 3 10 7 9 5 1
5 7 4 7 4 2 10 10 1 10
5 1 6 8 3 4 9 10 9 10
5 2 1 3 2 6 1 3 8 5
9 9 8 8 8 2 5 7 7 2
10 32 1
10 7 9 6 10 7 3 8 7 1
2 8 2 5 6 4 7 5 8 4
2 5 6 6 9 4 6 10 8 2
8 9 8 1 10 2 10 6 4 1
7 6 8 4 2 4 6 2 8 1
7 10 8 2 8 3 4 5 7 6
7 4 4 1 10 6 7 8 9 5
9 3 3 8 4 4 9 1 8 4
9 1 4 5 8 8 6 6 7 2
5 3 9 9 5 8 3 5 1 2
11 34 0
1 1 1 1 1 1 1 1 1 1
1 1 1 1 1 1 1 1 1 1
1 1 1 1 1 1 1 1 1 1
1 1 1 1 1 1 1 1 1 1
1 1 1 1 1 1 1 1 1 1
1 1 1 1 1 1 1 1 1 1
1 1 1 1 1 1 1 1 1 1
1 1 1 1 1 1 1 1 1 1
1 1 1 1 1 1 1 1 1 1
1 1 1 1 1 1 1 1 1 1
11 36 0
2 2 2 2 2 2 2 2 2 2
2 2 2 2 2 2 2 2 2 2
2 2 2 2 2 2 2 2 2 2
2 2 2 2 2 2 2 2 2 2
2 2 2 2 2 2 2 2 2 2
2 2 2 2 2 2 2 2 2 2
2 2 2 2 2 2 2 2 2 2
2 2 2 2 2 2 2 2 2 2
2 2 2 2 2 2 2 2 2 2
2 2 2 2 2 2 2 2 2 2
11 37 0
2 2 2 2 2 2 2 2 2 2
2 2 2 2 2 2 2 2 2 2
2 2 2 2 2 2 2 2 2 2
2 2 2 2 2 2 2 2 2 2
2 2 2 2 2 2 2 2 2 2
2 2 2 2 2 2 2 2 2 2
2 2 2 2 2 2 2 2 2 2
2 2 2 2 2 2 2 2 2 2
2 2 2 2 2 2 2 2 2 2
2 2 2 2 2 2 2 2 2 2
11 45 1
9 2 4 6 4 9 3 6 2 8
4 5 8 10 5 3 3 7 3 10
3 3 5 5 5 9 10 1 1 7
4 3 5 7 5 3 9 9 7 2
3 7 6 7 2 9 3 9 9 9
1 1 6 9 2 7 3 8 4 2
5 1 4 7 1 10 2 3 7 1
7 8 5 5 8 2 8 3 3 3
10 6 7 10 9 5 1 2 9 6
2 7 8 6 3 5 2 8 4 1
11 46 0
2 2 2 2 2 2 2 2 2 2
2 2 2 2 2 2 2 2 2 2
2 2 2 2 2 2 2 2 2 2
2 2 2 2 2 2 2 2 2 2
2 2 2 2 2 2 2 2 2 2
2 2 2 2 2 2 2 2 2 2
2 2 2 2 2 2 2 2 2 2
2 2 2 2 2 2 2 2 2 2
2 2 2 2 2 2 2 2 2 2
2 2 2 2 2 2 2 2 2 2
11 15 0
2 2 2 2 2 2 2 2 2 2
2 2 2 2 2 2 2 2 2 2
2 2 2 2 2 2 2 2 2 2
2 2 2 2 2 2 2 2 2 2
2 2 2 2 2 2 2 2 2 2
2 2 2 2 2 2 2 2 2 2
2 2 2 2 2 2 2 2 2 2
2 2 2 2 2 2 2 2 2 2
2 2 2 2 2 2 2 2 2 2
2 2 2 2 2 2 2 2 2 2
11 48 1
8 1 9 5 5 8 7 10 10 2
2 5 1 7 8 10 1 6 8 8
7 10 3 3 1 2 4 1 6 8
5 1 10 7 1 9 7 4 3 2
9 4 4 3 9 5 7 9 8 7
8 2 1 4 7 7 6 9 4 9
9 2 4 6 1 10 4 9 3 6
1 7 6 5 6 5 6 1 8 4
3 5 2 3 8 2 7 1 8 7
10 1 4 1 1 3 4 5 9 10
11 27 1
2 4 5 6 1 9 5 3 7 7
4 1 4 9 8 5 1 2 3 5
6 9 2 1 10 2 4 1 7 8
1 2 5 10 1 1 9 3 9 5
4 6 6 10 6 1 4 9 5 6
4 5 9 1 3 8 2 9 4 10
9 9 5 1 8 5 2 1 10 6
2 4 1 8 9 1 1 6 5 3
9 8 3 10 10 2 7 5 2 2
3 1 1 4 3 9 4 3 3 5
11 16 0
2 2 2 2 2 2 2 2 2 2
2 2 2 2 2 2 2 2 2 2
2 2 2 2 2 2 2 2 2 2
2 2 2 2 2 2 2 2 2 2
2 2 2 2 2 2 2 2 2 2
2 2 2 2 2 2 2 2 2 2
2 2 2 2 2 2 2 2 2 2
2 2 2 2 2 2 2 2 2 2
2 2 2 2 2 2 2 2 2 2
2 2 2 2 2 2 2 2 2 2
11 29 0
2 2 2 2 2 2 2 2 2 2
2 2 2 2 2 2 2 2 2 2
2 2 2 2 2 2 2 2 2 2
2 2 2 2 2 2 2 2 2 2
2 2 2 2 2 2 2 2 2 2
2 2 2 2 2 2 2 2 2 2
2 2 2 2 2 2 2 2 2 2
2 2 2 2 2 2 2 2 2 2
2 2 2 2 2 2 2 2 2 2
2 2 2 2 2 2 2 2 2 2
11 30 1
3 8 1 7 6 6 7 10 9 8
9 4 5 6 9 5 1 9 7 5
5 3 7 6 2 9 8 9 9 5
4 7 2 5 1 10 3 4 3 2
8 4 5 4 10 1 2 2 1 2
8 6 1 4 4 1 7 7 8 1
10 2 2 3 3 8 9 7 2 3
6 9 8 6 7 8 1 5 10 8
5 6 5 2 1 1 10 1 4 4
8 10 5 3 10 8 10 1 8 10
11 31 1
5 4 9 7 9 3 6 9 8 2
10 2 5 4 10 5 9 6 9 3
4 5 5 2 6 2 7 7 7 8
10 8 4 4 8 10 9 1 3 5
6 10 5 6 4 5 6 3 7 1
5 9 7 10 6 3 2 9 6 9
6 8 1 7 3 7 4 10 7 6
4 3 3 10 1 5 2 6 7 4
1 9 3 10 4 5 2 3 7 1
5 7 6 9 6 5 7 2 6 4
12 33 0
2 2 2 2 2 2 2 2 2 2
2 2 2 2 2 2 2 2 2 2
2 2 2 2 2 2 2 2 2 2
2 2 2 2 2 2 2 2 2 2
2 2 2 2 2 2 2 2 2 2
2 2 2 2 2 2 2 2 2 2
2 2 2 2 2 2 2 2 2 2
2 2 2 2 2 2 2 2 2 2
2 2 2 2 2 2 2 2 2 2
2 2 2 2 2 2 2 2 2 2
12 17 0
2 2 2 2 2 2 2 2 2 2
2 2 2 2 2 2 2 2 2 2
2 2 2 2 2 2 2 2 2 2
2 2 2 2 2 2 2 2 2 2
2 2 2 2 2 2 2 2 2 2
2 2 2 2 2 2 2 2 2 2
2 2 2 2 2 2 2 2 2 2
2 2 2 2 2 2 2 2 2 2
2 2 2 2 2 2 2 2 2 2
2 2 2 2 2 2 2 2 2 2
12 39 1
1 7 6 1 10 4 8 10 9 5
4 1 9 2 4 10 3 4 5 7
2 2 7 10 9 1 3 2 5 4
3 6 3 1 7 9 3 2 1 3
10 9 1 9 3 8 6 9 4 5
4 8 7 7 5 1 6 3 8 8
9 9 4 9 9 5 7 4 2 7
2 7 7 10 2 4 9 1 6 10
5 4 5 10 9 1 6 5 5 9
6 1 5 6 10 8 1 6 9 5
12 34 1
10 8 2 3 5 2 5 7 2 8
3 4 7 7 5 9 9 5 1 8
8 4 10 3 3 6 3 2 10 9
9 3 8 9 1 7 6 6 9 2
8 2 5 8 9 1 10 3 5 6
4 4 5 6 2 8 6 7 2 8
5 3 8 8 10 9 6 10 6 2
9 10 3 8 9 3 5 5 1 2
8 8 2 10 9 8 3 7 3 3
7 6 6 9 1 8 2 7 9 8
12 49 1
9 4 5 9 3 9 3 1 4 10
9 3 6 5 5 7 6 6 3 8
8 4 5 7 10 5 3 7 1 1
5 8 2 1 1 5 3 8 8 9
7 8 1 1 8 7 6 7 6 4
7 7 6 5 5 2 8 3 3 5
1 3 2 9 1 1 2 8 8 6
2 5 10 1 3 3 4 4 10 2
6 2 2 1 9 3 4 3 5 10
7 5 6 7 6 3 9 2 5 4
12 42 1
6 1 9 5 2 9 2 8 2 4
1 8 9 3 5 5 3 10 5 1
2 6 9 2 5 1 1 3 5 3
8 10 1 1 7 5 7 9 9 8
1 5 3 2 9 7 4 1 2 9
2 6 8 3 4 8 7 2 5 4
10 10 8 5 9 6 9 6 4 8
6 3 8 2 5 4 9 9 8 4
3 8 1 2 3 3 8 3 4 3
3 8 1 8 2 3 6 1 5 9
12 24 1
10 7 3 9 9 9 2 1 2 3
7 8 3 7 2 3 10 1 1 6
1 7 4 5 9 9 1 2 1 10
4 1 4 5 2 8 8 7 7 6
2 3 1 7 6 4 7 4 8 9
3 1 2 9 10 4 9 9 5 6
8 9 5 10 8 6 6 7 6 2
2 4 5 9 8 8 3 5 4 2
3 4 7 7 3 1 3 8 5 1
4 2 1 3 1 9 2 5 10 2
12 38 1
1 4 4 2 10 7 9 3 8 10
9 7 3 6 2 8 8 10 9 9
3 1 2 7 1 4 5 5 4 8
5 3 6 6 1 6 5 3 3 5
1 8 2 4 6 5 8 1 10 2
5 3 10 4 5 5 7 9 9 7
1 8 6 6 8 7 3 6 6 10
3 10 10 6 8 3 5 8 6 9
6 7 10 3 5 5 3 9 2 7
7 2 3 1 10 7 10 7 9 2
13 37 0
1 1 1 1 1 1 1 1 1 1
1 1 1 1 1 1 1 1 1 1
1 1 1 1 1 1 1 1 1 1
1 1 1 1 1 1 1 1 1 1
1 1 1 1 1 1 1 1 1 1
1 1 1 1 1 1 1 1 1 1
1 1 1 1 1 1 1 1 1 1
1 1 1 1 1 1 1 1 1 1
1 1 1 1 1 1 1 1 1 1
1 1 1 1 1 1 1 1 1 1
13 40 0
2 2 2 2 2 2 2 2 2 2
2 2 2 2 2 2 2 2 2 2
2 2 2 2 2 2 2 2 2 2
2 2 2 2 2 2 2 2 2 2
2 2 2 2 2 2 2 2 2 2
2 2 2 2 2 2 2 2 2 2
2 2 2 2 2 2 2 2 2 2
2 2 2 2 2 2 2 2 2 2
2 2 2 2 2 2 2 2 2 2
2 2 2 2 2 2 2 2 2 2
13 42 0
1 1 1 1 1 1 1 1 1 1
1 1 1 1 1 1 1 1 1 1
1 1 1 1 1 1 1 1 1 1
1 1 1 1 1 1 1 1 1 1
1 1 1 1 1 1 1 1 1 1
1 1 1 1 1 1 1 1 1 1
1 1 1 1 1 1 1 1 1 1
1 1 1 1 1 1 1 1 1 1
1 1 1 1 1 1 1 1 1 1
1 1 1 1 1 1 1 1 1 1
13 44 0
2 2 2 2 2 2 2 2 2 2
2 2 2 2 2 2 2 2 2 2
2 2 2 2 2 2 2 2 2 2
2 2 2 2 2 2 2 2 2 2
2 2 2 2 2 2 2 2 2 2
2 2 2 2 2 2 2 2 2 2
2 2 2 2 2 2 2 2 2 2
2 2 2 2 2 2 2 2 2 2
2 2 2 2 2 2 2 2 2 2
2 2 2 2 2 2 2 2 2 2
13 46 1
6 8 1 8 2 6 7 1 4 7
9 8 3 5 3 1 10 5 8 9
3 1 5 9 8 8 5 7 10 6
6 10 9 1 9 2 4 9 10 6
10 7 10 8 10 3 6 6 6 10
5 8 10 1 4 9 3 5 4 4
5 1 1 9 5 7 6 8 5 8
10 8 3 9 1 7 2 5 4 5
4 6 7 2 1 4 9 2 5 7
6 4 4 6 9 1 8 6 1 2
13 15 1
7 6 2 7 7 1 9 5 5 2
7 2 9 8 5 4 5 5 4 6
3 1 9 9 5 6 10 6 2 5
10 8 7 3 9 3 9 1 2 1
8 6 7 1 3 2 4 3 2 2
10 9 6 8 10 4 7 4 4 9
6 4 5 6 4 10 7 8 7 1
10 1 8 6 4 2 8 5 8 5
5 4 4 3 10 1 9 6 4 8
5 3 9 3 8 4 7 4 6 2
13 48 1
4 8 10 3 1 7 8 5 10 5
2 8 1 8 9 7 10 3 5 2
2 3 4 7 2 4 7 2 5 3
4 6 6 2 3 2 1 2 2 5
4 7 4 8 5 8 8 5 4 7
6 8 2 4 9 10 7 1 9 2
2 9 6 1 3 8 2 9 9 1
3 4 5 6 4 4 1 4 5 3
1 9 7 9 3 9 10 1 3 6
8 7 7 1 3 3 4 6 1 8
13 18 1
6 4 9 4 2 8 10 4 5 10
7 9 2 6 10 3 5 7 2 2
4 5 8 1 9 7 2 3 2 4
7 10 7 4 10 1 8 5 1 1
7 5 7 9 9 4 8 2 10 10
7 9 10 10 6 2 7 6 4 4
2 7 3 4 10 10 2 9 2 2
3 4 4 4 2 7 8 7 9 3
4 6 4 3 6 7 3 5 7 8
9 4 5 5 2 7 9 10 1 1
13 22 1
3 5 6 5 5 6 7 6 8 3
4 10 1 1 1 7 1 5 10 6
4 8 4 9 8 1 5 5 6 1
8 8 7 9 8 1 4 2 9 10
1 6 5 6 8 5 10 1 8 8
3 8 7 3 5 2 1 7 6 1
10 4 7 1 3 6 3 3 7 9
6 10 6 1 6 1 3 1 8 10
9 6 9 9 10 1 4 2 3 10
10 10 9 9 4 3 10 3 1 2
13 23 1
3 10 5 7 8 7 7 4 9 6
5 5 8 6 6 7 8 5 7 1
1 1 5 2 9 10 5 2 5 1
6 9 9 1 7 10 8 8 4 9
1 7 7 4 3 1 6 5 10 8
9 9 5 8 1 4 2 6 5 8
1 10 5 9 5 3 7 10 8 4
8 7 1 3 2 1 6 7 5 7
4 3 8 1 7 5 2 6 3 7
8 1 9 10 10 9 7 1 8 9
13 26 1
9 1 3 7 5 7 9 8 2 3
1 2 3 4 4 2 1 3 1 9
8 3 4 1 4 6 1 6 3 6
10 10 8 9 2 9 4 1 4 2
2 10 6 3 7 4 2 8 10 4
9 6 10 3 7 9 2 5 6 9
5 7 3 1 6 9 3 1 5 5
9 6 2 4 9 4 7 2 10 6
5 10 4 6 4 5 8 2 9 8
4 9 1 8 7 5 10 5 10 10
13 30 0
2 2 2 2 2 2 2 2 2 2
2 2 2 2 2 2 2 2 2 2
2 2 2 2 2 2 2 2 2 2
2 2 2 2 2 2 2 2 2 2
2 2 2 2 2 2 2 2 2 2
2 2 2 2 2 2 2 2 2 2
2 2 2 2 2 2 2 2 2 2
2 2 2 2 2 2 2 2 2 2
2 2 2 2 2 2 2 2 2 2
2 2 2 2 2 2 2 2 2 2
13 31 0
1 1 1 1 1 1 1 1 1 1
1 1 1 1 1 1 1 1 1 1
1 1 1 1 1 1 1 1 1 1
1 1 1 1 1 1 1 1 1 1
1 1 1 1 1 1 1 1 1 1
1 1 1 1 1 1 1 1 1 1
1 1 1 1 1 1 1 1 1 1
1 1 1 1 1 1 1 1 1 1
1 1 1 1 1 1 1 1 1 1
1 1 1 1 1 1 1 1 1 1
13 38 0
1 1 1 1 1 1 1 1 1 1
1 1 1 1 1 1 1 1 1 1
1 1 1 1 1 1 1 1 1 1
1 1 1 1 1 1 1 1 1 1
1 1 1 1 1 1 1 1 1 1
1 1 1 1 1 1 1 1 1 1
1 1 1 1 1 1 1 1 1 1
1 1 1 1 1 1 1 1 1 1
1 1 1 1 1 1 1 1 1 1
1 1 1 1 1 1 1 1 1 1
14 34 0
2 2 2 2 2 2 2 2 2 2
2 2 2 2 2 2 2 2 2 2
2 2 2 2 2 2 2 2 2 2
2 2 2 2 2 2 2 2 2 2
2 2 2 2 2 2 2 2 2 2
2 2 2 2 2 2 2 2 2 2
2 2 2 2 2 2 2 2 2 2
2 2 2 2 2 2 2 2 2 2
2 2 2 2 2 2 2 2 2 2
2 2 2 2 2 2 2 2 2 2
14 36 1
4 5 5 8 9 10 5 4 3 10
6 10 8 9 10 3 7 6 5 6
2 2 9 9 10 9 10 8 7 9
9 4 3 6 10 10 2 5 7 7
2 1 7 9 3 2 5 5 4 9
4 2 7 5 10 3 2 1 3 6
3 10 4 6 1 3 5 3 3 10
2 10 9 3 5 5 2 4 4 1
1 8 10 4 5 2 8 4 7 5
9 2 8 7 2 6 1 7 9 6
14 39 0
1 1 1 1 1 1 1 1 1 1
1 1 1 1 1 1 1 1 1 1
1 1 1 1 1 1 1 1 1 1
1 1 1 1 1 1 1 1 1 1
1 1 1 1 1 1 1 1 1 1
1 1 1 1 1 1 1 1 1 1
1 1 1 1 1 1 1 1 1 1
1 1 1 1 1 1 1 1 1 1
1 1 1 1 1 1 1 1 1 1
1 1 1 1 1 1 1 1 1 1
14 40 0
1 1 1 1 1 1 1 1 1 1
1 1 1 1 1 1 1 1 1 1
1 1 1 1 1 1 1 1 1 1
1 1 1 1 1 1 1 1 1 1
1 1 1 1 1 1 1 1 1 1
1 1 1 1 1 1 1 1 1 1
1 1 1 1 1 1 1 1 1 1
1 1 1 1 1 1 1 1 1 1
1 1 1 1 1 1 1 1 1 1
1 1 1 1 1 1 1 1 1 1
14 41 0
2 2 2 2 2 2 2 2 2 2
2 2 2 2 2 2 2 2 2 2
2 2 2 2 2 2 2 2 2 2
2 2 2 2 2 2 2 2 2 2
2 2 2 2 2 2 2 2 2 2
2 2 2 2 2 2 2 2 2 2
2 2 2 2 2 2 2 2 2 2
2 2 2 2 2 2 2 2 2 2
2 2 2 2 2 2 2 2 2 2
2 2 2 2 2 2 2 2 2 2
14 44 1
1 4 3 10 4 10 3 8 5 1
4 7 10 7 4 2 4 8 4 2
3 2 4 3 9 3 4 10 8 7
2 5 10 9 4 8 9 10 2 10
9 10 7 5 7 3 4 6 2 7
9 3 3 7 7 10 7 4 7 4
8 8 9 3 1 6 10 1 1 7
8 3 1 3 2 8 7 1 10 3
9 7 1 5 8 7 3 9 6 6
5 3 8 6 8 1 9 6 3 10
14 49 1
9 8 5 7 6 10 4 9 2 1
8 4 2 1 8 7 6 9 5 9
7 1 5 6 2 3 6 8 3 8
5 2 6 9 6 6 5 3 10 3
8 10 1 7 4 4 2 2 7 4
5 9 7 9 9 7 7 2 3 10
9 3 9 3 9 6 9 8 7 9
8 1 2 4 9 3 9 8 9 3
7 2 2 3 8 8 5 6 6 4
3 7 3 1 10 4 5 6 4 10
14 23 1
1 5 2 10 6 9 9 3 5 9
1 8 9 3 3 6 3 5 6 10
10 5 1 9 10 8 3 6 8 1
9 7 3 6 10 2 9 6 5 3
1 3 8 9 8 8 3 3 5 7
10 1 1 8 4 2 1 6 2 3
10 9 6 1 8 5 4 10 8 8
3 7 1 3 2 3 4 5 6 8
4 4 4 6 6 6 7 3 9 10
2 7 1 10 4 10 9 4 3 10
14 27 0
2 2 2 2 2 2 2 2 2 2
2 2 2 2 2 2 2 2 2 2
2 2 2 2 2 2 2 2 2 2
2 2 2 2 2 2 2 2 2 2
2 2 2 2 2 2 2 2 2 2
2 2 2 2 2 2 2 2 2 2
2 2 2 2 2 2 2 2 2 2
2 2 2 2 2 2 2 2 2 2
2 2 2 2 2 2 2 2 2 2
2 2 2 2 2 2 2 2 2 2
15 37 0
1 1 1 1 1 1 1 1 1 1
1 1 1 1 1 1 1 1 1 1
1 1 1 1 1 1 1 1 1 1
1 1 1 1 1 1 1 1 1 1
1 1 1 1 1 1 1 1 1 1
1 1 1 1 1 1 1 1 1 1
1 1 1 1 1 1 1 1 1 1
1 1 1 1 1 1 1 1 1 1
1 1 1 1 1 1 1 1 1 1
1 1 1 1 1 1 1 1 1 1
15 38 0
1 1 1 1 1 1 1 1 1 1
1 1 1 1 1 1 1 1 1 1
1 1 1 1 1 1 1 1 1 1
1 1 1 1 1 1 1 1 1 1
1 1 1 1 1 1 1 1 1 1
1 1 1 1 1 1 1 1 1 1
1 1 1 1 1 1 1 1 1 1
1 1 1 1 1 1 1 1 1 1
1 1 1 1 1 1 1 1 1 1
1 1 1 1 1 1 1 1 1 1
15 50 0
2 2 2 2 2 2 2 2 2 2
2 2 2 2 2 2 2 2 2 2
2 2 2 2 2 2 2 2 2 2
2 2 2 2 2 2 2 2 2 2
2 2 2 2 2 2 2 2 2 2
2 2 2 2 2 2 2 2 2 2
2 2 2 2 2 2 2 2 2 2
2 2 2 2 2 2 2 2 2 2
2 2 2 2 2 2 2 2 2 2
2 2 2 2 2 2 2 2 2 2
15 32 0
2 2 2 2 2 2 2 2 2 2
2 2 2 2 2 2 2 2 2 2
2 2 2 2 2 2 2 2 2 2
2 2 2 2 2 2 2 2 2 2
2 2 2 2 2 2 2 2 2 2
2 2 2 2 2 2 2 2 2 2
2 2 2 2 2 2 2 2 2 2
2 2 2 2 2 2 2 2 2 2
2 2 2 2 2 2 2 2 2 2
2 2 2 2 2 2 2 2 2 2
15 44 1
9 2 8 5 4 10 7 3 7 3
4 2 6 9 10 5 1 10 3 7
8 2 5 2 6 4 4 9 7 3
4 8 10 9 7 1 3 2 1 2
3 6 3 10 8 10 10 7 9 8
6 6 6 1 7 4 5 5 9 9
3 9 1 1 3 5 8 4 4 5
1 10 9 1 8 6 10 8 5 9
1 5 10 1 3 8 8 9 8 1
9 9 10 2 5 2 7 4 5 7
15 18 0
2 2 2 2 2 2 2 2 2 2
2 2 2 2 2 2 2 2 2 2
2 2 2 2 2 2 2 2 2 2
2 2 2 2 2 2 2 2 2 2
2 2 2 2 2 2 2 2 2 2
2 2 2 2 2 2 2 2 2 2
2 2 2 2 2 2 2 2 2 2
2 2 2 2 2 2 2 2 2 2
2 2 2 2 2 2 2 2 2 2
2 2 2 2 2 2 2 2 2 2
15 19 0
1 1 1 1 1 1 1 1 1 1
1 1 1 1 1 1 1 1 1 1
1 1 1 1 1 1 1 1 1 1
1 1 1 1 1 1 1 1 1 1
1 1 1 1 1 1 1 1 1 1
1 1 1 1 1 1 1 1 1 1
1 1 1 1 1 1 1 1 1 1
1 1 1 1 1 1 1 1 1 1
1 1 1 1 1 1 1 1 1 1
1 1 1 1 1 1 1 1 1 1
15 20 0
1 1 1 1 1 1 1 1 1 1
1 1 1 1 1 1 1 1 1 1
1 1 1 1 1 1 1 1 1 1
1 1 1 1 1 1 1 1 1 1
1 1 1 1 1 1 1 1 1 1
1 1 1 1 1 1 1 1 1 1
1 1 1 1 1 1 1 1 1 1
1 1 1 1 1 1 1 1 1 1
1 1 1 1 1 1 1 1 1 1
1 1 1 1 1 1 1 1 1 1
15 21 0
1 1 1 1 1 1 1 1 1 1
1 1 1 1 1 1 1 1 1 1
1 1 1 1 1 1 1 1 1 1
1 1 1 1 1 1 1 1 1 1
1 1 1 1 1 1 1 1 1 1
1 1 1 1 1 1 1 1 1 1
1 1 1 1 1 1 1 1 1 1
1 1 1 1 1 1 1 1 1 1
1 1 1 1 1 1 1 1 1 1
1 1 1 1 1 1 1 1 1 1
15 24 1
7 9 5 5 1 7 8 7 3 1
7 9 7 9 8 9 7 8 4 1
7 3 9 7 5 6 3 7 6 6
8 7 10 10 8 4 4 8 2 9
2 3 6 9 9 7 1 7 7 10
7 4 9 3 1 9 10 3 3 10
2 4 6 1 1 5 2 1 1 2
1 6 8 4 6 6 8 3 7 1
4 8 8 6 8 5 6 10 4 4
9 10 2 3 7 6 5 1 10 9
15 26 0
1 1 1 1 1 1 1 1 1 1
1 1 1 1 1 1 1 1 1 1
1 1 1 1 1 1 1 1 1 1
1 1 1 1 1 1 1 1 1 1
1 1 1 1 1 1 1 1 1 1
1 1 1 1 1 1 1 1 1 1
1 1 1 1 1 1 1 1 1 1
1 1 1 1 1 1 1 1 1 1
1 1 1 1 1 1 1 1 1 1
1 1 1 1 1 1 1 1 1 1
15 28 0
2 2 2 2 2 2 2 2 2 2
2 2 2 2 2 2 2 2 2 2
2 2 2 2 2 2 2 2 2 2
2 2 2 2 2 2 2 2 2 2
2 2 2 2 2 2 2 2 2 2
2 2 2 2 2 2 2 2 2 2
2 2 2 2 2 2 2 2 2 2
2 2 2 2 2 2 2 2 2 2
2 2 2 2 2 2 2 2 2 2
2 2 2 2 2 2 2 2 2 2
15 29 0
1 1 1 1 1 1 1 1 1 1
1 1 1 1 1 1 1 1 1 1
1 1 1 1 1 1 1 1 1 1
1 1 1 1 1 1 1 1 1 1
1 1 1 1 1 1 1 1 1 1
1 1 1 1 1 1 1 1 1 1
1 1 1 1 1 1 1 1 1 1
1 1 1 1 1 1 1 1 1 1
1 1 1 1 1 1 1 1 1 1
1 1 1 1 1 1 1 1 1 1
16 33 0
2 2 2 2 2 2 2 2 2 2
2 2 2 2 2 2 2 2 2 2
2 2 2 2 2 2 2 2 2 2
2 2 2 2 2 2 2 2 2 2
2 2 2 2 2 2 2 2 2 2
2 2 2 2 2 2 2 2 2 2
2 2 2 2 2 2 2 2 2 2
2 2 2 2 2 2 2 2 2 2
2 2 2 2 2 2 2 2 2 2
2 2 2 2 2 2 2 2 2 2
16 37 1
9 5 2 8 5 5 5 5 3 7
5 1 1 7 3 2 3 4 10 1
10 3 6 2 3 2 1 2 9 4
10 4 5 10 7 5 3 4 6 1
7 8 10 2 8 8 10 5 4 1
1 6 8 5 2 9 5 7 8 7
3 8 10 6 5 4 10 9 8 7
9 5 5 4 4 6 3 10 1 6
8 5 9 9 4 7 1 7 5 8
8 1 5 4 2 6 6 1 8 3
16 40 1
7 2 2 1 1 5 5 9 5 9
10 10 3 10 6 1 1 10 3 2
10 8 6 10 1 9 7 10 8 1
2 3 8 7 9 1 8 10 3 6
4 8 2 8 8 6 10 1 7 2
9 8 1 6 5 5 6 9 9 5
7 2 8 3 8 5 6 10 7 5
2 8 1 9 8 4 7 5 4 6
10 8 6 8 7 10 9 10 3 8
10 8 1 3 6 10 9 9 7 8
16 41 1
1 8 3 6 4 9 7 8 3 4
3 1 4 4 1 3 4 9 1 7
1 5 10 4 10 6 2 2 5 8
9 2 1 4 10 6 4 4 10 6
3 1 2 8 8 9 5 2 5 6
8 7 7 8 10 3 9 6 9 9
4 4 2 6 10 6 2 3 5 10
6 5 7 5 3 3 9 1 4 8
4 2 9 6 10 4 1 8 8 1
8 2 7 6 5 8 1 3 1 7
16 47 0
2 2 2 2 2 2 2 2 2 2
2 2 2 2 2 2 2 2 2 2
2 2 2 2 2 2 2 2 2 2
2 2 2 2 2 2 2 2 2 2
2 2 2 2 2 2 2 2 2 2
2 2 2 2 2 2 2 2 2 2
2 2 2 2 2 2 2 2 2 2
2 2 2 2 2 2 2 2 2 2
2 2 2 2 2 2 2 2 2 2
2 2 2 2 2 2 2 2 2 2
16 48 0
1 1 1 1 1 1 1 1 1 1
1 1 1 1 1 1 1 1 1 1
1 1 1 1 1 1 1 1 1 1
1 1 1 1 1 1 1 1 1 1
1 1 1 1 1 1 1 1 1 1
1 1 1 1 1 1 1 1 1 1
1 1 1 1 1 1 1 1 1 1
1 1 1 1 1 1 1 1 1 1
1 1 1 1 1 1 1 1 1 1
1 1 1 1 1 1 1 1 1 1
16 18 0
2 2 2 2 2 2 2 2 2 2
2 2 2 2 2 2 2 2 2 2
2 2 2 2 2 2 2 2 2 2
2 2 2 2 2 2 2 2 2 2
2 2 2 2 2 2 2 2 2 2
2 2 2 2 2 2 2 2 2 2
2 2 2 2 2 2 2 2 2 2
2 2 2 2 2 2 2 2 2 2
2 2 2 2 2 2 2 2 2 2
2 2 2 2 2 2 2 2 2 2
16 25 0
1 1 1 1 1 1 1 1 1 1
1 1 1 1 1 1 1 1 1 1
1 1 1 1 1 1 1 1 1 1
1 1 1 1 1 1 1 1 1 1
1 1 1 1 1 1 1 1 1 1
1 1 1 1 1 1 1 1 1 1
1 1 1 1 1 1 1 1 1 1
1 1 1 1 1 1 1 1 1 1
1 1 1 1 1 1 1 1 1 1
1 1 1 1 1 1 1 1 1 1
16 43 1
7 5 1 6 10 1 2 3 10 10
5 1 8 7 9 9 3 9 5 5
8 3 4 1 8 9 10 9 8 2
6 4 3 4 1 9 10 4 7 5
2 2 8 4 3 8 1 6 5 9
10 8 7 7 8 8 7 7 4 7
6 8 5 3 1 7 7 2 1 2
7 7 9 2 8 5 9 6 10 8
1 10 9 4 6 3 2 2 9 4
8 6 4 1 7 3 1 5 7 9
17 36 0
1 1 1 1 1 1 1 1 1 1
1 1 1 1 1 1 1 1 1 1
1 1 1 1 1 1 1 1 1 1
1 1 1 1 1 1 1 1 1 1
1 1 1 1 1 1 1 1 1 1
1 1 1 1 1 1 1 1 1 1
1 1 1 1 1 1 1 1 1 1
1 1 1 1 1 1 1 1 1 1
1 1 1 1 1 1 1 1 1 1
1 1 1 1 1 1 1 1 1 1
17 38 1
2 4 5 4 3 10 2 7 7 3
3 2 10 2 9 5 9 3 3 10
9 5 5 10 9 7 8 9 9 3
3 2 4 10 6 2 6 6 2 7
5 7 9 1 4 3 3 8 1 10
2 6 5 4 7 6 5 3 6 8
4 9 7 9 6 3 10 10 4 5
4 4 5 4 4 7 8 5 10 4
2 3 8 5 4 8 9 3 1 9
4 7 5 8 7 7 9 6 6 2
17 40 0
2 2 2 2 2 2 2 2 2 2
2 2 2 2 2 2 2 2 2 2
2 2 2 2 2 2 2 2 2 2
2 2 2 2 2 2 2 2 2 2
2 2 2 2 2 2 2 2 2 2
2 2 2 2 2 2 2 2 2 2
2 2 2 2 2 2 2 2 2 2
2 2 2 2 2 2 2 2 2 2
2 2 2 2 2 2 2 2 2 2
2 2 2 2 2 2 2 2 2 2
17 46 0
1 1 1 1 1 1 1 1 1 1
1 1 1 1 1 1 1 1 1 1
1 1 1 1 1 1 1 1 1 1
1 1 1 1 1 1 1 1 1 1
1 1 1 1 1 1 1 1 1 1
1 1 1 1 1 1 1 1 1 1
1 1 1 1 1 1 1 1 1 1
1 1 1 1 1 1 1 1 1 1
1 1 1 1 1 1 1 1 1 1
1 1 1 1 1 1 1 1 1 1
17 44 1
8 6 8 1 3 3 2 4 1 3
6 1 8 5 7 7 10 1 8 3
10 2 2 5 10 10 9 7 1 1
4 7 4 1 8 2 1 5 6 1
2 6 8 8 4 9 4 1 10 6
10 7 9 9 4 2 8 9 5 10
5 1 10 1 1 4 3 2 8 6
2 4 8 7 10 3 10 4 10 1
3 4 3 3 7 3 3 4 10 8
3 10 1 1 4 10 4 4 4 6
17 21 0
2 2 2 2 2 2 2 2 2 2
2 2 2 2 2 2 2 2 2 2
2 2 2 2 2 2 2 2 2 2
2 2 2 2 2 2 2 2 2 2
2 2 2 2 2 2 2 2 2 2
2 2 2 2 2 2 2 2 2 2
2 2 2 2 2 2 2 2 2 2
2 2 2 2 2 2 2 2 2 2
2 2 2 2 2 2 2 2 2 2
2 2 2 2 2 2 2 2 2 2
17 23 1
1 6 9 3 2 9 10 3 6 5
2 5 7 3 4 3 1 4 8 5
3 10 8 9 9 3 9 4 4 9
3 5 2 10 7 10 10 10 1 8
3 6 9 5 9 3 5 4 7 1
6 5 3 9 3 4 3 7 3 2
8 7 9 8 2 6 8 2 10 3
8 3 2 5 6 2 5 1 9 7
1 7 7 9 9 10 5 2 1 6
9 3 7 1 6 9 8 9 1 10
17 24 0
2 2 2 2 2 2 2 2 2 2
2 2 2 2 2 2 2 2 2 2
2 2 2 2 2 2 2 2 2 2
2 2 2 2 2 2 2 2 2 2
2 2 2 2 2 2 2 2 2 2
2 2 2 2 2 2 2 2 2 2
2 2 2 2 2 2 2 2 2 2
2 2 2 2 2 2 2 2 2 2
2 2 2 2 2 2 2 2 2 2
2 2 2 2 2 2 2 2 2 2
17 37 1
2 9 6 6 1 10 7 3 2 9
5 3 6 5 10 4 3 4 3 3
5 5 5 2 3 2 3 5 9 5
5 4 1 9 2 1 9 6 2 2
7 4 3 4 6 10 1 2 4 2
1 3 5 6 2 7 1 4 2 5
10 7 3 2 2 2 3 5 4 8
10 7 8 2 2 8 8 9 4 4
4 8 2 8 7 3 1 5 1 5
3 8 4 10 10 10 9 5 8 10
17 27 1
3 4 6 8 2 8 8 1 9 1
1 9 1 8 8 10 6 6 6 1
7 5 3 6 7 6 7 9 6 6
8 8 5 8 8 9 9 9 9 1
4 4 5 6 7 8 2 4 5 10
9 2 6 3 3 9 7 8 3 5
4 4 5 1 5 8 6 9 7 9
5 8 4 2 10 5 10 1 5 6
7 4 7 6 6 1 3 10 1 7
4 7 4 6 3 3 8 7 7 3
17 28 0
2 2 2 2 2 2 2 2 2 2
2 2 2 2 2 2 2 2 2 2
2 2 2 2 2 2 2 2 2 2
2 2 2 2 2 2 2 2 2 2
2 2 2 2 2 2 2 2 2 2
2 2 2 2 2 2 2 2 2 2
2 2 2 2 2 2 2 2 2 2
2 2 2 2 2 2 2 2 2 2
2 2 2 2 2 2 2 2 2 2
2 2 2 2 2 2 2 2 2 2
17 32 0
2 2 2 2 2 2 2 2 2 2
2 2 2 2 2 2 2 2 2 2
2 2 2 2 2 2 2 2 2 2
2 2 2 2 2 2 2 2 2 2
2 2 2 2 2 2 2 2 2 2
2 2 2 2 2 2 2 2 2 2
2 2 2 2 2 2 2 2 2 2
2 2 2 2 2 2 2 2 2 2
2 2 2 2 2 2 2 2 2 2
2 2 2 2 2 2 2 2 2 2
18 33 0
1 1 1 1 1 1 1 1 1 1
1 1 1 1 1 1 1 1 1 1
1 1 1 1 1 1 1 1 1 1
1 1 1 1 1 1 1 1 1 1
1 1 1 1 1 1 1 1 1 1
1 1 1 1 1 1 1 1 1 1
1 1 1 1 1 1 1 1 1 1
1 1 1 1 1 1 1 1 1 1
1 1 1 1 1 1 1 1 1 1
1 1 1 1 1 1 1 1 1 1
18 28 0
2 2 2 2 2 2 2 2 2 2
2 2 2 2 2 2 2 2 2 2
2 2 2 2 2 2 2 2 2 2
2 2 2 2 2 2 2 2 2 2
2 2 2 2 2 2 2 2 2 2
2 2 2 2 2 2 2 2 2 2
2 2 2 2 2 2 2 2 2 2
2 2 2 2 2 2 2 2 2 2
2 2 2 2 2 2 2 2 2 2
2 2 2 2 2 2 2 2 2 2
18 34 1
1 3 6 8 9 9 1 4 1 1
2 6 6 8 8 2 6 10 10 2
4 7 7 4 9 6 1 7 10 7
7 1 4 6 2 5 6 8 10 5
4 3 8 3 1 9 9 3 7 9
8 10 4 2 5 7 3 5 2 1
10 1 10 8 9 1 8 9 5 2
7 4 9 9 8 6 5 4 9 1
9 6 6 2 3 3 1 7 9 4
4 5 9 4 10 8 7 2 6 7
18 43 0
2 2 2 2 2 2 2 2 2 2
2 2 2 2 2 2 2 2 2 2
2 2 2 2 2 2 2 2 2 2
2 2 2 2 2 2 2 2 2 2
2 2 2 2 2 2 2 2 2 2
2 2 2 2 2 2 2 2 2 2
2 2 2 2 2 2 2 2 2 2
2 2 2 2 2 2 2 2 2 2
2 2 2 2 2 2 2 2 2 2
2 2 2 2 2 2 2 2 2 2
18 48 1
1 6 9 3 7 5 9 5 1 5
1 7 4 8 2 6 3 9 2 2
2 4 9 1 5 2 1 7 5 3
6 6 10 10 2 7 3 2 3 2
5 4 5 1 5 6 4 8 6 7
1 3 10 1 2 4 3 2 10 5
2 9 8 10 5 8 5 7 8 1
3 3 1 10 1 5 9 7 5 8
9 6 3 2 7 7 2 6 10 3
8 6 8 4 1 7 3 4 10 2
18 49 0
2 2 2 2 2 2 2 2 2 2
2 2 2 2 2 2 2 2 2 2
2 2 2 2 2 2 2 2 2 2
2 2 2 2 2 2 2 2 2 2
2 2 2 2 2 2 2 2 2 2
2 2 2 2 2 2 2 2 2 2
2 2 2 2 2 2 2 2 2 2
2 2 2 2 2 2 2 2 2 2
2 2 2 2 2 2 2 2 2 2
2 2 2 2 2 2 2 2 2 2
18 22 1
10 1 7 7 9 10 8 5 4 3
6 4 3 6 1 3 7 10 4 9
10 8 6 7 9 1 8 5 9 7
5 2 3 3 6 4 8 7 7 4
8 6 10 10 6 2 4 8 2 9
7 7 4 2 5 6 6 3 8 7
7 2 8 2 3 9 6 6 4 6
10 9 7 6 9 10 3 4 2 4
7 2 2 3 3 8 8 9 9 9
9 10 7 4 8 7 2 7 3 3
18 23 0
2 2 2 2 2 2 2 2 2 2
2 2 2 2 2 2 2 2 2 2
2 2 2 2 2 2 2 2 2 2
2 2 2 2 2 2 2 2 2 2
2 2 2 2 2 2 2 2 2 2
2 2 2 2 2 2 2 2 2 2
2 2 2 2 2 2 2 2 2 2
2 2 2 2 2 2 2 2 2 2
2 2 2 2 2 2 2 2 2 2
2 2 2 2 2 2 2 2 2 2
18 24 1
10 10 8 3 9 8 4 6 4 10
2 8 9 10 1 9 8 7 1 2
6 6 5 10 8 3 2 8 8 9
6 7 8 9 5 6 3 9 9 4
4 2 3 7 8 4 6 9 7 6
2 10 5 4 6 4 7 8 2 5
7 9 3 5 6 5 9 4 3 8
6 4 9 10 2 2 3 10 7 2
8 9 9 4 1 7 6 2 4 5
6 6 1 2 5 1 1 5 9 1
18 27 1
1 4 8 9 7 2 3 10 1 7
1 7 2 9 5 6 7 7 2 7
9 7 9 10 9 7 8 7 7 7
1 4 7 6 8 2 10 10 5 6
7 7 10 1 1 6 2 2 1 5
7 9 4 4 8 10 6 9 5 5
4 6 9 10 2 10 5 6 9 2
4 1 1 3 5 1 10 8 3 7
6 9 1 4 10 1 5 8 1 9
3 6 1 10 2 9 10 3 10 3
18 30 0
2 2 2 2 2 2 2 2 2 2
2 2 2 2 2 2 2 2 2 2
2 2 2 2 2 2 2 2 2 2
2 2 2 2 2 2 2 2 2 2
2 2 2 2 2 2 2 2 2 2
2 2 2 2 2 2 2 2 2 2
2 2 2 2 2 2 2 2 2 2
2 2 2 2 2 2 2 2 2 2
2 2 2 2 2 2 2 2 2 2
2 2 2 2 2 2 2 2 2 2
19 49 0
2 2 2 2 2 2 2 2 2 2
2 2 2 2 2 2 2 2 2 2
2 2 2 2 2 2 2 2 2 2
2 2 2 2 2 2 2 2 2 2
2 2 2 2 2 2 2 2 2 2
2 2 2 2 2 2 2 2 2 2
2 2 2 2 2 2 2 2 2 2
2 2 2 2 2 2 2 2 2 2
2 2 2 2 2 2 2 2 2 2
2 2 2 2 2 2 2 2 2 2
19 50 1
1 3 4 3 1 9 4 3 4 10
1 10 6 5 2 4 8 10 7 6
2 1 5 2 9 9 3 6 4 1
4 7 1 10 9 1 4 5 5 4
4 9 3 3 5 2 5 2 4 7
3 6 3 3 3 3 8 3 2 6
3 10 4 10 8 5 5 1 3 5
3 10 7 8 8 4 5 1 2 8
9 1 8 9 1 9 8 7 3 10
10 1 3 9 8 1 5 9 8 5
19 23 1
8 9 2 5 2 7 6 5 10 2
9 2 9 1 6 1 5 1 1 10
7 8 2 5 5 1 3 9 10 7
2 10 2 3 9 4 3 3 7 9
8 7 7 4 4 6 2 8 6 5
1 6 9 6 8 10 10 6 4 6
9 2 8 2 6 3 10 1 4 6
1 5 10 7 4 9 5 6 10 5
8 5 6 2 4 8 8 1 7 1
1 1 7 1 9 3 6 1 5 2
19 27 1
10 2 6 2 10 7 5 1 7 3
8 5 2 5 9 9 3 2 6 7
3 6 9 4 9 3 10 1 6 2
6 5 4 1 6 10 8 3 1 8
7 10 1 4 1 10 9 2 5 4
1 2 3 8 3 3 8 9 2 7
7 4 2 2 7 6 6 9 5 10
8 3 5 7 4 3 9 5 9 2
1 8 3 8 10 6 3 4 6 10
1 8 2 1 9 6 3 2 2 10
19 28 1
2 6 1 6 8 4 1 4 7 1
9 2 6 10 10 7 5 2 3 10
2 8 8 2 8 4 10 7 8 3
4 8 5 7 7 3 8 2 9 6
3 9 1 9 7 3 3 4 10 4
7 10 1 3 3 6 5 9 6 7
8 5 9 9 10 3 2 6 3 1
7 8 9 3 8 2 4 4 7 3
7 9 6 1 9 9 4 10 6 10
4 8 7 4 3 8 3 7 10 6
19 32 1
6 1 9 5 2 2 6 10 6 4
10 7 3 10 3 9 8 2 8 6
1 1 3 9 9 3 6 1 2 7
1 3 2 7 10 8 3 2 2 10
4 3 1 6 1 6 2 10 1 3
10 6 1 9 3 6 2 5 3 1
4 9 7 7 8 1 9 8 1 3
3 10 1 4 3 1 5 5 5 4
8 7 6 3 8 3 2 6 1 4
4 6 8 10 7 8 1 6 2 8
20 36 0
1 1 1 1 1 1 1 1 1 1
1 1 1 1 1 1 1 1 1 1
1 1 1 1 1 1 1 1 1 1
1 1 1 1 1 1 1 1 1 1
1 1 1 1 1 1 1 1 1 1
1 1 1 1 1 1 1 1 1 1
1 1 1 1 1 1 1 1 1 1
1 1 1 1 1 1 1 1 1 1
1 1 1 1 1 1 1 1 1 1
1 1 1 1 1 1 1 1 1 1
20 39 1
9 7 1 8 6 4 10 10 3 1
5 7 8 6 3 4 6 3 2 7
6 8 8 5 6 6 1 5 9 4
1 2 1 1 3 1 6 9 5 10
10 8 6 7 1 2 2 9 4 7
2 6 5 4 2 1 6 8 7 1
4 9 3 6 9 10 8 9 10 9
7 6 10 2 1 8 9 9 10 5
7 4 9 1 8 4 1 10 10 9
4 9 1 7 5 3 8 5 7 2
20 40 1
1 9 7 9 6 9 8 4 2 10
2 7 8 9 4 8 5 6 8 8
2 4 10 9 10 3 3 10 2 3
5 4 4 6 2 10 3 6 6 6
1 4 1 8 9 7 3 6 8 6
5 10 4 2 7 6 1 7 10 8
1 7 9 1 7 6 8 2 10 6
3 1 6 5 4 5 7 9 7 10
7 5 4 9 5 4 7 1 9 9
10 1 7 8 6 3 9 6 7 5
20 41 1
3 7 3 2 9 7 8 2 8 4
9 6 4 5 7 7 9 1 9 2
5 7 8 10 10 6 8 4 8 9
8 1 9 5 1 6 9 7 1 4
1 4 2 2 7 1 1 5 2 7
9 5 9 3 4 7 8 6 8 9
4 3 4 2 3 5 1 4 9 4
4 6 6 6 7 1 1 9 10 10
10 7 1 5 3 9 9 1 9 3
7 8 5 6 7 2 1 8 4 1
20 35 1
2 1 9 9 6 3 3 9 1 4
5 10 2 10 7 9 1 1 9 8
9 10 6 3 6 7 3 3 4 5
10 8 6 3 2 1 8 3 5 6
2 2 10 4 10 3 6 9 9 3
4 1 2 10 7 8 7 10 7 3
3 1 2 7 2 8 6 10 1 2
7 7 2 1 5 3 3 1 6 3
2 8 5 7 6 2 6 10 10 6
10 1 8 2 2 2 4 3 10 9
20 49 0
2 2 2 2 2 2 2 2 2 2
2 2 2 2 2 2 2 2 2 2
2 2 2 2 2 2 2 2 2 2
2 2 2 2 2 2 2 2 2 2
2 2 2 2 2 2 2 2 2 2
2 2 2 2 2 2 2 2 2 2
2 2 2 2 2 2 2 2 2 2
2 2 2 2 2 2 2 2 2 2
2 2 2 2 2 2 2 2 2 2
2 2 2 2 2 2 2 2 2 2
20 28 1
3 4 6 8 8 7 4 6 9 6
5 4 7 2 7 4 10 7 3 6
2 5 7 5 3 1 2 8 7 9
5 8 1 6 7 4 3 7 10 8
10 5 6 2 2 4 8 6 10 4
9 9 4 3 9 7 1 6 8 4
8 6 4 8 5 1 10 5 3 2
2 3 8 2 6 8 10 2 8 7
4 6 7 6 10 5 7 1 7 3
2 2 3 9 3 9 10 7 10 6
20 29 0
2 2 2 2 2 2 2 2 2 2
2 2 2 2 2 2 2 2 2 2
2 2 2 2 2 2 2 2 2 2
2 2 2 2 2 2 2 2 2 2
2 2 2 2 2 2 2 2 2 2
2 2 2 2 2 2 2 2 2 2
2 2 2 2 2 2 2 2 2 2
2 2 2 2 2 2 2 2 2 2
2 2 2 2 2 2 2 2 2 2
2 2 2 2 2 2 2 2 2 2
20 30 1
9 4 3 4 6 10 4 4 8 1
6 3 10 9 5 5 10 4 8 3
9 5 6 5 1 6 9 2 9 1
4 5 4 7 7 8 4 9 7 10
5 2 4 4 7 7 2 7 2 2
1 8 10 3 8 5 9 10 2 2
6 9 2 8 1 3 9 3 4 4
7 7 9 1 2 9 8 5 5 6
2 7 8 8 1 10 3 8 6 10
4 1 8 4 5 7 9 6 6 5
21 33 1
6 5 3 1 3 7 4 2 2 6
10 6 1 5 1 9 6 6 2 1
4 3 6 10 7 10 9 5 8 6
4 2 1 9 5 2 3 9 3 4
2 7 3 3 2 8 6 2 9 6
3 2 5 1 1 1 5 5 10 6
3 1 7 1 10 3 3 4 3 5
5 1 6 7 8 9 5 3 9 1
10 5 6 1 1 9 6 6 4 4
7 10 4 5 4 8 1 5 1 10
21 34 1
2 6 4 9 10 7 6 5 1 7
8 6 6 9 8 7 9 5 1 10
2 6 6 9 10 1 9 2 7 3
4 5 2 8 6 10 9 9 8 4
6 6 10 10 10 10 9 8 7 8
7 3 3 7 2 4 5 9 3 4
8 8 5 6 3 5 2 5 8 4
6 2 9 8 6 1 5 3 8 3
3 3 3 5 8 1 10 3 10 8
1 5 2 4 1 2 4 4 6 5
21 36 1
4 1 6 7 9 2 2 2 8 6
7 10 4 1 9 9 10 2 8 10
5 9 8 8 9 6 6 9 1 6
8 8 6 4 5 10 8 5 1 6
1 9 8 6 8 2 5 7 6 10
8 4 2 8 5 10 6 5 4 9
10 7 3 3 9 8 4 7 9 8
2 10 4 1 7 7 7 5 1 4
7 8 4 10 2 4 10 1 9 7
9 2 3 5 8 2 1 5 7 2
21 41 0
1 1 1 1 1 1 1 1 1 1
1 1 1 1 1 1 1 1 1 1
1 1 1 1 1 1 1 1 1 1
1 1 1 1 1 1 1 1 1 1
1 1 1 1 1 1 1 1 1 1
1 1 1 1 1 1 1 1 1 1
1 1 1 1 1 1 1 1 1 1
1 1 1 1 1 1 1 1 1 1
1 1 1 1 1 1 1 1 1 1
1 1 1 1 1 1 1 1 1 1
21 46 0
2 2 2 2 2 2 2 2 2 2
2 2 2 2 2 2 2 2 2 2
2 2 2 2 2 2 2 2 2 2
2 2 2 2 2 2 2 2 2 2
2 2 2 2 2 2 2 2 2 2
2 2 2 2 2 2 2 2 2 2
2 2 2 2 2 2 2 2 2 2
2 2 2 2 2 2 2 2 2 2
2 2 2 2 2 2 2 2 2 2
2 2 2 2 2 2 2 2 2 2
21 24 0
1 1 1 1 1 1 1 1 1 1
1 1 1 1 1 1 1 1 1 1
1 1 1 1 1 1 1 1 1 1
1 1 1 1 1 1 1 1 1 1
1 1 1 1 1 1 1 1 1 1
1 1 1 1 1 1 1 1 1 1
1 1 1 1 1 1 1 1 1 1
1 1 1 1 1 1 1 1 1 1
1 1 1 1 1 1 1 1 1 1
1 1 1 1 1 1 1 1 1 1
21 26 0
1 1 1 1 1 1 1 1 1 1
1 1 1 1 1 1 1 1 1 1
1 1 1 1 1 1 1 1 1 1
1 1 1 1 1 1 1 1 1 1
1 1 1 1 1 1 1 1 1 1
1 1 1 1 1 1 1 1 1 1
1 1 1 1 1 1 1 1 1 1
1 1 1 1 1 1 1 1 1 1
1 1 1 1 1 1 1 1 1 1
1 1 1 1 1 1 1 1 1 1
21 27 1
7 6 10 8 5 9 4 10 4 2
1 5 9 4 9 6 7 9 10 4
7 3 6 7 1 6 1 2 6 4
1 8 1 8 4 5 4 2 8 4
5 10 6 9 8 4 3 1 4 3
5 9 4 9 6 1 9 4 1 3
6 7 6 4 6 4 3 9 9 1
5 1 4 10 3 7 6 9 1 10
8 5 3 4 4 5 4 1 6 7
2 4 8 7 8 4 1 4 9 1
21 31 0
1 1 1 1 1 1 1 1 1 1
1 1 1 1 1 1 1 1 1 1
1 1 1 1 1 1 1 1 1 1
1 1 1 1 1 1 1 1 1 1
1 1 1 1 1 1 1 1 1 1
1 1 1 1 1 1 1 1 1 1
1 1 1 1 1 1 1 1 1 1
1 1 1 1 1 1 1 1 1 1
1 1 1 1 1 1 1 1 1 1
1 1 1 1 1 1 1 1 1 1
21 32 0
2 2 2 2 2 2 2 2 2 2
2 2 2 2 2 2 2 2 2 2
2 2 2 2 2 2 2 2 2 2
2 2 2 2 2 2 2 2 2 2
2 2 2 2 2 2 2 2 2 2
2 2 2 2 2 2 2 2 2 2
2 2 2 2 2 2 2 2 2 2
2 2 2 2 2 2 2 2 2 2
2 2 2 2 2 2 2 2 2 2
2 2 2 2 2 2 2 2 2 2
22 35 0
2 2 2 2 2 2 2 2 2 2
2 2 2 2 2 2 2 2 2 2
2 2 2 2 2 2 2 2 2 2
2 2 2 2 2 2 2 2 2 2
2 2 2 2 2 2 2 2 2 2
2 2 2 2 2 2 2 2 2 2
2 2 2 2 2 2 2 2 2 2
2 2 2 2 2 2 2 2 2 2
2 2 2 2 2 2 2 2 2 2
2 2 2 2 2 2 2 2 2 2
22 38 0
2 2 2 2 2 2 2 2 2 2
2 2 2 2 2 2 2 2 2 2
2 2 2 2 2 2 2 2 2 2
2 2 2 2 2 2 2 2 2 2
2 2 2 2 2 2 2 2 2 2
2 2 2 2 2 2 2 2 2 2
2 2 2 2 2 2 2 2 2 2
2 2 2 2 2 2 2 2 2 2
2 2 2 2 2 2 2 2 2 2
2 2 2 2 2 2 2 2 2 2
22 34 0
2 2 2 2 2 2 2 2 2 2
2 2 2 2 2 2 2 2 2 2
2 2 2 2 2 2 2 2 2 2
2 2 2 2 2 2 2 2 2 2
2 2 2 2 2 2 2 2 2 2
2 2 2 2 2 2 2 2 2 2
2 2 2 2 2 2 2 2 2 2
2 2 2 2 2 2 2 2 2 2
2 2 2 2 2 2 2 2 2 2
2 2 2 2 2 2 2 2 2 2
22 45 0
2 2 2 2 2 2 2 2 2 2
2 2 2 2 2 2 2 2 2 2
2 2 2 2 2 2 2 2 2 2
2 2 2 2 2 2 2 2 2 2
2 2 2 2 2 2 2 2 2 2
2 2 2 2 2 2 2 2 2 2
2 2 2 2 2 2 2 2 2 2
2 2 2 2 2 2 2 2 2 2
2 2 2 2 2 2 2 2 2 2
2 2 2 2 2 2 2 2 2 2
22 28 1
1 3 10 7 2 7 2 2 4 2
3 10 6 9 9 10 10 6 3 10
3 9 7 7 9 10 1 6 10 4
5 3 4 7 5 3 8 8 2 2
4 9 1 6 1 10 5 9 4 7
6 3 10 5 4 10 2 5 4 7
8 2 9 6 7 7 10 2 2 5
5 5 10 2 4 2 5 9 1 8
7 2 5 8 4 1 4 10 3 1
6 4 2 4 4 2 3 7 1 7
22 29 1
4 7 1 10 5 9 9 10 4 1
9 3 4 1 5 6 5 4 10 7
2 1 10 9 5 10 6 2 8 10
8 2 9 8 4 10 4 4 9 8
7 9 8 9 9 3 10 1 2 2
4 4 9 9 1 4 3 4 9 2
7 9 5 3 9 10 9 9 6 1
5 6 1 3 7 9 3 10 4 1
9 3 6 1 9 1 1 1 4 10
9 1 2 6 7 4 6 8 7 9
22 31 1
6 8 2 7 10 2 5 9 7 9
9 8 7 8 3 3 4 2 1 6
10 10 7 8 5 5 6 2 2 7
5 1 1 8 10 3 8 1 6 2
6 7 6 3 5 9 3 7 3 6
1 1 1 1 5 1 3 8 5 2
10 9 9 5 1 3 9 7 8 4
1 6 8 6 4 4 2 4 9 1
8 2 6 5 1 6 10 10 6 7
5 4 7 7 2 3 10 10 6 3
23 34 1
3 8 3 4 8 3 1 1 2 6
7 10 1 8 4 1 7 3 3 9
3 6 2 1 8 6 2 10 8 10
7 4 5 1 8 6 9 7 4 5
1 5 5 9 9 9 10 4 9 4
4 4 9 2 5 1 1 2 4 8
6 6 1 6 6 6 7 3 7 2
8 9 5 10 8 10 5 7 6 8
2 5 3 9 1 8 5 6 4 8
9 8 3 8 7 3 8 3 1 10
23 36 0
1 1 1 1 1 1 1 1 1 1
1 1 1 1 1 1 1 1 1 1
1 1 1 1 1 1 1 1 1 1
1 1 1 1 1 1 1 1 1 1
1 1 1 1 1 1 1 1 1 1
1 1 1 1 1 1 1 1 1 1
1 1 1 1 1 1 1 1 1 1
1 1 1 1 1 1 1 1 1 1
1 1 1 1 1 1 1 1 1 1
1 1 1 1 1 1 1 1 1 1
23 38 1
8 2 5 10 10 9 10 5 2 7
5 4 7 4 6 4 3 8 3 3
10 7 8 1 9 3 1 1 4 8
8 3 5 9 3 3 9 1 5 8
3 3 3 3 2 8 6 10 6 9
10 10 10 1 10 4 1 5 9 8
5 1 3 4 2 3 6 10 6 6
10 6 10 1 3 8 7 9 2 10
3 10 8 4 7 3 1 9 5 10
3 3 9 7 2 10 1 10 7 7
23 40 0
1 1 1 1 1 1 1 1 1 1
1 1 1 1 1 1 1 1 1 1
1 1 1 1 1 1 1 1 1 1
1 1 1 1 1 1 1 1 1 1
1 1 1 1 1 1 1 1 1 1
1 1 1 1 1 1 1 1 1 1
1 1 1 1 1 1 1 1 1 1
1 1 1 1 1 1 1 1 1 1
1 1 1 1 1 1 1 1 1 1
1 1 1 1 1 1 1 1 1 1
23 41 1
9 9 5 1 8 8 5 2 1 1
2 10 6 3 5 3 7 7 10 2
5 1 6 7 2 9 1 6 6 4
8 3 5 9 8 3 5 1 8 8
1 3 4 2 2 9 6 4 8 10
9 1 2 7 6 5 9 7 6 3
7 8 2 7 5 6 2 10 7 6
2 1 4 7 6 7 10 2 6 7
8 3 5 9 3 1 7 9 1 2
7 8 2 6 10 1 10 4 9 3
23 47 0
2 2 2 2 2 2 2 2 2 2
2 2 2 2 2 2 2 2 2 2
2 2 2 2 2 2 2 2 2 2
2 2 2 2 2 2 2 2 2 2
2 2 2 2 2 2 2 2 2 2
2 2 2 2 2 2 2 2 2 2
2 2 2 2 2 2 2 2 2 2
2 2 2 2 2 2 2 2 2 2
2 2 2 2 2 2 2 2 2 2
2 2 2 2 2 2 2 2 2 2
23 46 1
4 9 9 2 2 6 1 2 6 8
8 4 3 1 9 10 7 8 8 8
8 8 10 4 9 7 7 4 2 10
10 9 1 9 5 7 9 7 9 3
1 2 4 2 9 8 4 9 5 1
2 10 5 5 1 8 1 6 8 4
9 2 3 7 9 2 8 10 3 5
4 7 8 5 5 2 4 2 7 5
9 3 8 5 5 10 9 2 2 1
10 8 9 7 10 4 7 8 6 1
23 26 0
1 1 1 1 1 1 1 1 1 1
1 1 1 1 1 1 1 1 1 1
1 1 1 1 1 1 1 1 1 1
1 1 1 1 1 1 1 1 1 1
1 1 1 1 1 1 1 1 1 1
1 1 1 1 1 1 1 1 1 1
1 1 1 1 1 1 1 1 1 1
1 1 1 1 1 1 1 1 1 1
1 1 1 1 1 1 1 1 1 1
1 1 1 1 1 1 1 1 1 1
23 30 0
2 2 2 2 2 2 2 2 2 2
2 2 2 2 2 2 2 2 2 2
2 2 2 2 2 2 2 2 2 2
2 2 2 2 2 2 2 2 2 2
2 2 2 2 2 2 2 2 2 2
2 2 2 2 2 2 2 2 2 2
2 2 2 2 2 2 2 2 2 2
2 2 2 2 2 2 2 2 2 2
2 2 2 2 2 2 2 2 2 2
2 2 2 2 2 2 2 2 2 2
23 31 0
1 1 1 1 1 1 1 1 1 1
1 1 1 1 1 1 1 1 1 1
1 1 1 1 1 1 1 1 1 1
1 1 1 1 1 1 1 1 1 1
1 1 1 1 1 1 1 1 1 1
1 1 1 1 1 1 1 1 1 1
1 1 1 1 1 1 1 1 1 1
1 1 1 1 1 1 1 1 1 1
1 1 1 1 1 1 1 1 1 1
1 1 1 1 1 1 1 1 1 1
24 49 1
8 10 6 9 5 2 2 2 5 6
1 2 7 8 9 7 3 3 2 2
10 1 5 1 7 2 5 6 4 7
10 4 7 9 3 1 5 10 6 8
2 8 2 5 10 9 5 6 4 4
1 10 2 1 5 8 5 6 4 8
5 5 3 5 1 3 10 6 8 8
4 5 1 2 8 7 9 8 7 10
4 1 8 1 7 9 4 9 1 3
4 1 5 3 9 4 5 3 6 6
24 35 1
2 9 9 8 8 10 9 4 1 10
10 8 10 10 9 8 3 6 2 1
2 10 2 9 3 8 4 2 4 10
1 8 8 4 5 2 3 4 4 7
10 3 7 6 7 4 9 3 2 6
7 2 8 2 1 3 2 1 8 6
6 4 2 9 3 10 9 9 4 3
8 10 6 1 8 5 7 2 3 8
6 7 4 3 7 9 4 6 7 4
1 9 7 9 5 5 7 5 1 7
24 41 1
10 2 8 7 7 3 6 10 8 1
4 9 9 6 1 6 5 7 8 1
2 9 3 5 1 9 10 3 8 3
10 3 7 2 9 4 2 2 4 4
9 7 7 6 6 2 6 8 2 1
7 6 1 3 8 9 5 6 3 4
8 10 9 8 4 9 2 4 5 1
4 9 1 9 6 4 7 5 7 2
10 6 3 5 1 10 2 10 10 5
1 6 9 7 8 1 8 1 2 9
24 44 1
10 8 8 6 10 8 10 8 9 4
3 5 5 8 2 5 8 7 6 6
8 1 3 8 1 6 8 4 3 6
2 10 9 2 5 1 2 8 5 1
6 5 10 4 10 9 2 8 7 9
4 5 7 3 1 4 3 5 6 3
6 6 9 6 9 6 4 5 2 3
10 8 2 10 1 10 3 5 9 3
9 9 10 3 9 8 2 9 4 8
2 6 3 4 6 2 4 3 2 8
24 45 1
8 10 8 6 5 4 7 8 4 3
3 4 4 6 6 6 8 1 2 8
9 10 5 2 6 2 9 6 3 1
7 6 3 9 2 8 10 9 4 5
6 4 7 5 6 10 9 1 1 3
5 4 4 6 5 8 10 10 4 10
7 5 3 9 4 4 9 1 3 2
6 4 4 4 1 5 10 10 9 1
5 1 5 2 8 1 5 5 5 5
9 3 5 8 1 10 8 9 6 2
24 46 0
1 1 1 1 1 1 1 1 1 1
1 1 1 1 1 1 1 1 1 1
1 1 1 1 1 1 1 1 1 1
1 1 1 1 1 1 1 1 1 1
1 1 1 1 1 1 1 1 1 1
1 1 1 1 1 1 1 1 1 1
1 1 1 1 1 1 1 1 1 1
1 1 1 1 1 1 1 1 1 1
1 1 1 1 1 1 1 1 1 1
1 1 1 1 1 1 1 1 1 1
24 48 0
1 1 1 1 1 1 1 1 1 1
1 1 1 1 1 1 1 1 1 1
1 1 1 1 1 1 1 1 1 1
1 1 1 1 1 1 1 1 1 1
1 1 1 1 1 1 1 1 1 1
1 1 1 1 1 1 1 1 1 1
1 1 1 1 1 1 1 1 1 1
1 1 1 1 1 1 1 1 1 1
1 1 1 1 1 1 1 1 1 1
1 1 1 1 1 1 1 1 1 1
24 36 1
5 8 1 4 9 5 2 7 9 6
7 1 1 7 1 5 4 4 4 9
8 2 6 9 8 5 7 7 9 2
7 1 10 8 8 2 9 2 8 7
7 3 9 8 3 9 6 5 5 1
7 9 1 10 6 4 6 7 8 4
5 8 10 9 9 4 7 10 9 9
5 3 7 5 2 4 4 9 6 2
1 10 3 6 4 1 10 2 8 3
4 6 7 4 4 9 9 2 1 7
24 37 1
5 6 3 8 2 7 8 6 5 7
6 8 10 4 1 2 1 9 2 1
8 7 3 1 3 5 9 6 9 7
7 9 8 6 7 1 1 4 4 5
9 3 3 1 6 9 4 6 2 6
8 1 9 9 8 10 4 8 9 7
10 9 9 2 3 10 6 10 3 4
6 1 1 8 8 1 8 9 2 7
2 10 7 9 5 1 6 1 5 2
6 1 7 6 1 7 9 7 3 6
24 30 0
1 1 1 1 1 1 1 1 1 1
1 1 1 1 1 1 1 1 1 1
1 1 1 1 1 1 1 1 1 1
1 1 1 1 1 1 1 1 1 1
1 1 1 1 1 1 1 1 1 1
1 1 1 1 1 1 1 1 1 1
1 1 1 1 1 1 1 1 1 1
1 1 1 1 1 1 1 1 1 1
1 1 1 1 1 1 1 1 1 1
1 1 1 1 1 1 1 1 1 1
24 31 1
5 2 6 10 6 4 1 4 5 8
9 9 7 10 3 4 6 8 6 2
1 6 6 7 7 10 4 10 7 10
4 10 7 4 1 10 3 4 4 2
9 7 6 3 7 7 8 3 8 3
9 4 9 2 8 9 1 4 8 9
4 1 8 9 5 7 9 3 3 1
4 3 6 7 5 8 4 1 4 2
5 8 9 3 9 10 6 7 6 2
3 2 5 5 1 2 1 4 9 9
25 34 1
1 4 4 7 3 3 3 6 5 4
4 8 4 4 1 3 1 10 1 8
4 6 3 8 7 5 7 4 9 3
1 10 1 6 10 8 4 8 10 8
6 5 4 9 7 3 5 1 5 4
2 10 6 8 6 3 1 3 3 7
7 3 8 4 10 7 7 2 6 3
1 6 3 3 8 6 7 4 8 2
7 9 9 2 2 5 1 10 7 4
9 5 3 10 8 4 8 6 6 7
25 42 0
1 1 1 1 1 1 1 1 1 1
1 1 1 1 1 1 1 1 1 1
1 1 1 1 1 1 1 1 1 1
1 1 1 1 1 1 1 1 1 1
1 1 1 1 1 1 1 1 1 1
1 1 1 1 1 1 1 1 1 1
1 1 1 1 1 1 1 1 1 1
1 1 1 1 1 1 1 1 1 1
1 1 1 1 1 1 1 1 1 1
1 1 1 1 1 1 1 1 1 1
25 44 0
1 1 1 1 1 1 1 1 1 1
1 1 1 1 1 1 1 1 1 1
1 1 1 1 1 1 1 1 1 1
1 1 1 1 1 1 1 1 1 1
1 1 1 1 1 1 1 1 1 1
1 1 1 1 1 1 1 1 1 1
1 1 1 1 1 1 1 1 1 1
1 1 1 1 1 1 1 1 1 1
1 1 1 1 1 1 1 1 1 1
1 1 1 1 1 1 1 1 1 1
25 45 0
2 2 2 2 2 2 2 2 2 2
2 2 2 2 2 2 2 2 2 2
2 2 2 2 2 2 2 2 2 2
2 2 2 2 2 2 2 2 2 2
2 2 2 2 2 2 2 2 2 2
2 2 2 2 2 2 2 2 2 2
2 2 2 2 2 2 2 2 2 2
2 2 2 2 2 2 2 2 2 2
2 2 2 2 2 2 2 2 2 2
2 2 2 2 2 2 2 2 2 2
25 46 1
5 3 7 4 10 3 9 8 7 9
9 7 5 7 6 5 2 8 6 1
5 6 4 7 6 9 5 7 6 4
8 8 7 5 10 10 9 8 7 5
6 4 8 6 5 6 8 2 7 8
8 10 6 4 2 3 10 10 5 4
4 2 4 4 4 1 2 3 3 2
1 8 5 4 10 7 8 6 6 8
3 2 2 9 10 6 1 4 4 4
10 6 1 6 9 3 6 1 7 6
25 48 1
3 1 4 2 5 4 3 8 5 10
8 9 8 7 2 4 10 3 4 7
10 1 7 9 9 7 4 10 2 2
9 5 3 5 8 5 6 6 6 6
6 5 5 9 2 1 3 10 3 10
7 3 6 8 2 5 10 5 10 2
10 5 10 5 10 2 3 1 1 5
9 8 6 7 10 4 5 3 2 7
6 2 4 9 10 8 8 6 8 4
7 7 10 10 10 8 10 6 6 5
25 29 1
9 7 7 8 4 6 7 10 5 9
4 6 2 10 6 6 2 1 8 10
1 3 4 4 3 5 5 9 8 1
6 3 3 8 3 9 4 4 7 3
8 4 8 3 6 5 7 3 9 3
1 10 10 4 9 1 5 10 4 2
9 9 3 6 10 6 9 7 6 4
6 3 10 5 3 2 3 1 2 5
4 5 3 4 10 4 2 8 10 3
1 4 8 2 3 9 4 3 8 6
25 30 0
1 1 1 1 1 1 1 1 1 1
1 1 1 1 1 1 1 1 1 1
1 1 1 1 1 1 1 1 1 1
1 1 1 1 1 1 1 1 1 1
1 1 1 1 1 1 1 1 1 1
1 1 1 1 1 1 1 1 1 1
1 1 1 1 1 1 1 1 1 1
1 1 1 1 1 1 1 1 1 1
1 1 1 1 1 1 1 1 1 1
1 1 1 1 1 1 1 1 1 1
25 31 1
8 4 4 6 5 1 6 5 7 2
1 5 9 9 8 6 2 7 4 8
2 5 6 3 3 4 8 1 10 5
1 1 10 4 8 5 5 8 7 4
7 4 7 2 4 10 6 2 10 8
7 8 8 9 5 7 9 8 5 8
1 6 7 10 10 4 8 8 1 1
1 3 7 9 4 6 9 2 8 4
2 8 9 4 4 2 2 1 3 7
4 6 6 10 6 9 3 6 7 6
25 32 1
6 3 9 2 8 2 1 9 5 7
10 2 9 2 9 8 3 2 6 1
2 2 9 4 1 4 5 7 3 5
3 4 8 10 4 7 4 2 1 6
4 2 5 9 9 2 2 2 7 6
6 7 1 3 2 4 2 7 3 10
7 9 2 3 1 9 10 8 6 9
4 6 4 1 1 8 10 1 7 6
3 7 10 9 3 2 5 10 1 7
5 3 7 5 1 3 1 8 10 2
26 36 0
2 2 2 2 2 2 2 2 2 2
2 2 2 2 2 2 2 2 2 2
2 2 2 2 2 2 2 2 2 2
2 2 2 2 2 2 2 2 2 2
2 2 2 2 2 2 2 2 2 2
2 2 2 2 2 2 2 2 2 2
2 2 2 2 2 2 2 2 2 2
2 2 2 2 2 2 2 2 2 2
2 2 2 2 2 2 2 2 2 2
2 2 2 2 2 2 2 2 2 2
26 41 1
4 6 1 3 7 4 3 1 2 7
2 8 3 5 4 7 8 10 10 4
4 3 6 6 8 10 9 4 9 10
3 3 6 6 3 10 6 2 4 10
9 4 3 10 10 6 5 7 8 7
9 5 5 9 4 2 10 2 10 2
6 4 9 3 2 8 6 9 4 6
9 7 2 9 9 4 10 8 6 3
10 6 6 10 8 3 9 2 9 2
1 2 6 7 3 3 8 8 5 2
26 43 1
9 5 4 1 10 3 5 2 4 1
2 6 9 8 6 8 8 8 6 9
6 7 2 10 5 3 5 7 6 8
3 3 6 8 10 1 9 4 6 6
8 5 5 5 6 5 9 1 10 5
7 8 3 7 8 2 1 10 7 9
6 9 1 9 7 3 10 10 6 3
7 8 2 10 2 3 1 1 5 1
8 8 6 1 10 9 5 9 6 8
3 3 10 3 1 7 4 1 1 2
26 46 1
3 8 9 6 4 1 7 4 9 2
9 6 6 9 8 9 7 9 1 3
9 4 7 5 7 5 8 6 9 9
6 7 5 1 8 1 7 1 10 6
4 10 3 10 8 3 5 3 4 1
9 8 4 5 9 10 8 2 8 6
7 4 5 9 4 10 8 4 3 6
8 10 4 7 10 2 5 9 4 9
4 2 6 8 3 1 6 10 8 5
9 8 8 4 2 4 5 10 10 6
26 47 1
2 7 1 5 3 2 4 5 6 9
8 9 4 3 10 9 4 6 1 6
3 7 7 2 6 6 5 9 10 10
10 9 4 5 10 5 6 1 3 6
7 8 6 1 1 10 5 8 4 7
5 6 2 7 4 1 4 6 2 10
7 7 7 5 7 4 6 10 8 2
2 8 7 5 8 6 1 10 7 7
10 5 6 10 9 5 3 1 1 8
4 2 1 6 1 5 9 10 3 4
26 49 0
1 1 1 1 1 1 1 1 1 1
1 1 1 1 1 1 1 1 1 1
1 1 1 1 1 1 1 1 1 1
1 1 1 1 1 1 1 1 1 1
1 1 1 1 1 1 1 1 1 1
1 1 1 1 1 1 1 1 1 1
1 1 1 1 1 1 1 1 1 1
1 1 1 1 1 1 1 1 1 1
1 1 1 1 1 1 1 1 1 1
1 1 1 1 1 1 1 1 1 1
26 29 1
1 3 1 10 9 6 10 6 10 8
1 2 9 7 6 1 5 5 9 6
4 6 3 9 4 6 10 10 10 10
2 6 7 4 3 10 3 6 5 9
6 9 5 3 1 2 3 4 10 2
3 7 8 10 2 8 6 6 10 8
6 4 10 10 6 7 5 10 1 5
1 4 8 3 5 5 8 10 1 6
5 4 7 7 6 1 2 6 5 4
9 1 5 3 2 4 4 6 9 5
26 32 1
10 1 3 2 5 8 7 8 5 9
9 3 8 6 8 8 1 1 10 3
4 5 4 2 10 4 5 10 4 9
8 8 5 3 2 10 5 9 7 2
4 1 3 4 3 5 3 10 7 9
2 7 10 8 4 1 1 10 9 2
1 10 10 5 5 3 10 6 8 5
7 8 8 9 7 1 5 5 4 5
4 1 4 4 2 5 7 4 2 5
5 7 3 5 9 8 9 4 4 9
27 37 0
1 1 1 1 1 1 1 1 1 1
1 1 1 1 1 1 1 1 1 1
1 1 1 1 1 1 1 1 1 1
1 1 1 1 1 1 1 1 1 1
1 1 1 1 1 1 1 1 1 1
1 1 1 1 1 1 1 1 1 1
1 1 1 1 1 1 1 1 1 1
1 1 1 1 1 1 1 1 1 1
1 1 1 1 1 1 1 1 1 1
1 1 1 1 1 1 1 1 1 1
27 42 1
3 1 8 9 4 1 10 3 1 5
9 8 9 6 8 9 8 4 4 8
1 4 8 9 9 6 8 7 2 10
2 2 7 1 3 8 7 8 6 1
2 10 1 4 2 5 7 7 9 1
3 7 1 10 1 1 7 10 4 8
9 9 1 1 6 8 4 5 10 1
2 10 8 5 7 6 10 1 4 8
9 7 5 5 6 2 6 2 8 10
6 4 5 9 10 2 2 9 9 1
27 46 1
7 7 4 2 5 1 8 7 3 1
8 8 5 6 6 3 6 9 9 3
10 5 9 1 1 6 10 5 2 7
4 2 10 3 1 6 9 8 1 2
3 8 4 3 10 2 3 3 4 3
2 9 9 1 2 1 1 9 4 5
2 9 3 6 2 8 9 4 10 1
4 9 4 4 9 10 5 2 4 2
2 10 8 2 9 1 1 4 6 7
4 7 8 6 4 4 10 5 4 9
27 30 0
1 1 1 1 1 1 1 1 1 1
1 1 1 1 1 1 1 1 1 1
1 1 1 1 1 1 1 1 1 1
1 1 1 1 1 1 1 1 1 1
1 1 1 1 1 1 1 1 1 1
1 1 1 1 1 1 1 1 1 1
1 1 1 1 1 1 1 1 1 1
1 1 1 1 1 1 1 1 1 1
1 1 1 1 1 1 1 1 1 1
1 1 1 1 1 1 1 1 1 1
28 35 1
8 9 4 1 10 9 2 9 7 9
10 7 6 9 9 1 1 3 6 7
4 7 3 9 2 3 10 1 5 6
3 10 3 7 5 1 7 9 8 1
4 5 4 10 6 4 8 1 9 9
3 3 10 9 9 2 6 8 1 10
5 5 2 4 4 6 8 9 6 8
8 8 7 2 7 3 7 9 4 7
6 3 1 2 5 3 3 7 1 7
5 1 4 3 3 2 4 1 10 10
28 36 0
2 2 2 2 2 2 2 2 2 2
2 2 2 2 2 2 2 2 2 2
2 2 2 2 2 2 2 2 2 2
2 2 2 2 2 2 2 2 2 2
2 2 2 2 2 2 2 2 2 2
2 2 2 2 2 2 2 2 2 2
2 2 2 2 2 2 2 2 2 2
2 2 2 2 2 2 2 2 2 2
2 2 2 2 2 2 2 2 2 2
2 2 2 2 2 2 2 2 2 2
28 41 0
1 1 1 1 1 1 1 1 1 1
1 1 1 1 1 1 1 1 1 1
1 1 1 1 1 1 1 1 1 1
1 1 1 1 1 1 1 1 1 1
1 1 1 1 1 1 1 1 1 1
1 1 1 1 1 1 1 1 1 1
1 1 1 1 1 1 1 1 1 1
1 1 1 1 1 1 1 1 1 1
1 1 1 1 1 1 1 1 1 1
1 1 1 1 1 1 1 1 1 1
28 38 1
4 8 6 6 3 8 4 10 4 7
1 4 4 2 9 5 10 4 6 1
8 2 6 10 4 1 1 4 9 5
5 2 8 1 2 3 8 6 6 2
10 7 5 2 6 3 10 2 5 7
9 1 9 7 2 2 2 10 6 3
5 8 1 10 5 2 10 6 2 1
6 9 9 1 3 4 3 4 1 5
2 1 10 4 1 2 6 1 7 2
5 4 2 10 8 1 9 2 3 10
29 34 1
6 6 3 9 10 6 4 9 6 9
5 4 5 3 3 3 4 1 9 10
4 1 3 3 1 1 3 6 9 4
1 1 6 8 6 8 7 4 2 4
4 7 8 10 7 3 10 5 3 4
5 7 4 1 1 3 5 8 8 4
3 4 2 6 2 8 5 1 2 1
6 2 4 3 6 7 7 8 8 3
4 3 5 10 3 2 8 8 8 8
2 3 2 2 6 6 10 1 8 10
29 44 0
2 2 2 2 2 2 2 2 2 2
2 2 2 2 2 2 2 2 2 2
2 2 2 2 2 2 2 2 2 2
2 2 2 2 2 2 2 2 2 2
2 2 2 2 2 2 2 2 2 2
2 2 2 2 2 2 2 2 2 2
2 2 2 2 2 2 2 2 2 2
2 2 2 2 2 2 2 2 2 2
2 2 2 2 2 2 2 2 2 2
2 2 2 2 2 2 2 2 2 2
29 35 1
5 5 4 3 2 4 4 4 6 3
4 2 2 6 3 9 2 2 5 6
4 4 9 10 9 6 4 2 3 8
3 4 4 6 6 4 9 4 1 4
6 6 3 7 7 5 1 7 8 8
10 4 5 5 4 1 4 6 10 4
7 9 2 6 6 6 5 5 8 6
8 2 8 10 5 6 4 2 5 6
4 8 8 9 2 4 7 9 5 7
10 10 8 3 4 9 4 6 9 8
29 48 1
7 7 8 3 2 7 9 6 10 2
6 10 5 7 5 5 6 3 6 3
5 9 10 3 8 4 6 7 9 4
4 10 5 2 10 3 7 4 1 2
7 7 3 2 6 10 7 5 9 4
4 7 9 1 10 2 8 2 5 2
4 2 4 5 5 6 3 10 3 4
7 6 8 7 7 3 2 3 5 1
1 10 3 2 8 4 5 2 5 8
8 4 4 3 7 8 1 4 8 4
29 32 1
6 10 1 3 1 9 6 10 5 8
2 9 8 9 1 4 9 2 4 9
10 6 6 2 6 10 7 9 7 6
7 8 2 5 3 8 10 7 3 5
5 8 4 5 3 10 9 6 4 8
6 6 8 9 2 6 10 9 6 6
7 3 7 9 3 4 6 3 10 2
5 10 2 7 3 4 2 9 9 9
8 4 4 9 9 1 10 8 8 10
6 8 4 8 5 4 8 6 3 3
30 45 0
2 2 2 2 2 2 2 2 2 2
2 2 2 2 2 2 2 2 2 2
2 2 2 2 2 2 2 2 2 2
2 2 2 2 2 2 2 2 2 2
2 2 2 2 2 2 2 2 2 2
2 2 2 2 2 2 2 2 2 2
2 2 2 2 2 2 2 2 2 2
2 2 2 2 2 2 2 2 2 2
2 2 2 2 2 2 2 2 2 2
2 2 2 2 2 2 2 2 2 2
30 48 1
9 4 6 3 10 4 2 8 9 6
6 5 8 10 8 2 5 2 2 7
6 3 8 2 3 10 6 4 8 8
9 10 1 2 8 7 3 2 10 4
3 3 8 3 7 9 3 7 4 3
10 7 6 8 7 3 4 2 5 2
1 6 9 3 9 1 7 8 4 10
5 9 7 5 4 7 5 6 6 5
3 9 5 10 10 9 6 10 8 7
6 2 7 10 3 4 8 3 9 3
30 43 0
2 2 2 2 2 2 2 2 2 2
2 2 2 2 2 2 2 2 2 2
2 2 2 2 2 2 2 2 2 2
2 2 2 2 2 2 2 2 2 2
2 2 2 2 2 2 2 2 2 2
2 2 2 2 2 2 2 2 2 2
2 2 2 2 2 2 2 2 2 2
2 2 2 2 2 2 2 2 2 2
2 2 2 2 2 2 2 2 2 2
2 2 2 2 2 2 2 2 2 2
31 33 0
2 2 2 2 2 2 2 2 2 2
2 2 2 2 2 2 2 2 2 2
2 2 2 2 2 2 2 2 2 2
2 2 2 2 2 2 2 2 2 2
2 2 2 2 2 2 2 2 2 2
2 2 2 2 2 2 2 2 2 2
2 2 2 2 2 2 2 2 2 2
2 2 2 2 2 2 2 2 2 2
2 2 2 2 2 2 2 2 2 2
2 2 2 2 2 2 2 2 2 2
31 35 1
9 9 5 3 4 4 2 2 8 2
3 7 6 2 4 10 2 3 1 2
6 8 9 1 5 4 1 1 3 10
4 3 5 3 8 5 8 4 5 3
1 10 3 6 1 4 6 5 3 7
6 4 7 10 9 2 5 9 1 3
4 10 5 1 4 8 5 8 6 3
3 2 7 10 7 7 4 1 6 2
1 8 9 1 10 7 8 5 5 2
10 2 2 1 8 5 2 2 10 5
31 49 0
1 1 1 1 1 1 1 1 1 1
1 1 1 1 1 1 1 1 1 1
1 1 1 1 1 1 1 1 1 1
1 1 1 1 1 1 1 1 1 1
1 1 1 1 1 1 1 1 1 1
1 1 1 1 1 1 1 1 1 1
1 1 1 1 1 1 1 1 1 1
1 1 1 1 1 1 1 1 1 1
1 1 1 1 1 1 1 1 1 1
1 1 1 1 1 1 1 1 1 1
31 32 0
1 1 1 1 1 1 1 1 1 1
1 1 1 1 1 1 1 1 1 1
1 1 1 1 1 1 1 1 1 1
1 1 1 1 1 1 1 1 1 1
1 1 1 1 1 1 1 1 1 1
1 1 1 1 1 1 1 1 1 1
1 1 1 1 1 1 1 1 1 1
1 1 1 1 1 1 1 1 1 1
1 1 1 1 1 1 1 1 1 1
1 1 1 1 1 1 1 1 1 1
32 39 1
9 1 9 7 1 2 8 10 5 10
3 1 5 9 6 1 1 4 1 4
5 10 3 5 4 10 6 7 8 3
10 4 8 8 3 3 4 9 9 1
9 5 5 7 4 6 10 6 10 4
10 6 6 10 10 7 3 2 10 1
9 4 5 3 1 10 2 1 3 9
8 10 4 9 2 10 7 7 5 8
1 7 2 8 7 10 6 3 1 8
9 4 6 3 2 2 5 10 10 9
32 40 1
4 9 2 10 4 2 4 9 1 3
2 6 9 4 4 1 1 3 1 1
10 5 2 1 8 5 4 4 7 9
3 3 2 9 2 8 1 9 10 10
5 5 4 2 7 6 2 1 10 5
2 6 8 10 9 8 1 3 7 4
7 9 5 6 6 10 3 5 6 6
4 8 6 9 3 10 8 5 4 9
4 5 10 2 2 10 6 9 4 5
7 1 6 8 7 6 10 9 6 9
32 43 0
2 2 2 2 2 2 2 2 2 2
2 2 2 2 2 2 2 2 2 2
2 2 2 2 2 2 2 2 2 2
2 2 2 2 2 2 2 2 2 2
2 2 2 2 2 2 2 2 2 2
2 2 2 2 2 2 2 2 2 2
2 2 2 2 2 2 2 2 2 2
2 2 2 2 2 2 2 2 2 2
2 2 2 2 2 2 2 2 2 2
2 2 2 2 2 2 2 2 2 2
32 46 0
1 1 1 1 1 1 1 1 1 1
1 1 1 1 1 1 1 1 1 1
1 1 1 1 1 1 1 1 1 1
1 1 1 1 1 1 1 1 1 1
1 1 1 1 1 1 1 1 1 1
1 1 1 1 1 1 1 1 1 1
1 1 1 1 1 1 1 1 1 1
1 1 1 1 1 1 1 1 1 1
1 1 1 1 1 1 1 1 1 1
1 1 1 1 1 1 1 1 1 1
32 49 1
5 5 8 1 10 10 2 3 8 9
4 8 10 4 8 1 5 1 3 1
9 5 1 8 10 3 5 6 4 1
4 8 7 6 6 4 8 3 1 8
3 8 5 9 8 6 1 7 7 3
9 4 2 2 4 5 7 3 10 7
5 5 8 10 5 1 5 10 10 3
10 2 3 10 5 10 9 7 10 6
3 4 8 8 2 3 5 7 2 5
10 6 5 2 1 2 6 6 7 4
33 37 1
8 1 7 4 8 9 7 3 7 3
3 1 2 9 9 5 1 2 2 1
1 4 8 4 3 4 1 5 10 6
4 7 6 2 8 6 3 8 10 3
5 1 7 2 9 1 10 6 7 1
1 3 9 7 5 3 7 3 9 9
6 4 6 7 5 10 5 4 3 1
3 6 10 4 4 1 6 7 9 3
1 3 9 9 3 1 4 7 2 7
2 5 3 8 1 2 6 5 10 3
33 38 1
6 3 2 1 6 5 2 2 5 5
9 4 1 6 7 6 4 2 2 6
7 2 9 2 3 10 6 7 10 8
3 3 2 2 4 10 4 6 2 8
1 7 9 10 8 5 1 1 10 3
10 1 3 10 4 3 2 7 1 1
4 3 6 4 7 10 9 3 3 8
7 10 6 6 10 3 10 4 10 8
4 9 3 8 10 7 5 3 2 6
5 7 6 5 3 6 5 2 5 1
33 44 0
2 2 2 2 2 2 2 2 2 2
2 2 2 2 2 2 2 2 2 2
2 2 2 2 2 2 2 2 2 2
2 2 2 2 2 2 2 2 2 2
2 2 2 2 2 2 2 2 2 2
2 2 2 2 2 2 2 2 2 2
2 2 2 2 2 2 2 2 2 2
2 2 2 2 2 2 2 2 2 2
2 2 2 2 2 2 2 2 2 2
2 2 2 2 2 2 2 2 2 2
33 46 1
8 6 8 6 2 7 8 10 5 3
4 2 10 4 2 9 3 6 3 8
1 1 6 3 8 3 8 1 5 4
6 2 5 8 10 9 2 10 6 8
8 4 9 8 1 2 1 2 1 6
6 10 4 5 2 8 7 9 9 7
8 4 9 6 9 5 6 4 3 7
10 7 5 9 4 5 8 10 8 2
9 10 6 8 2 5 10 1 4 3
2 5 5 4 1 5 7 3 8 7
33 36 1
5 8 9 10 4 3 9 10 7 8
8 1 9 5 5 5 3 6 2 8
4 3 7 7 4 10 7 3 3 6
10 5 4 2 5 4 2 2 3 8
1 3 2 3 6 1 3 1 9 4
10 4 9 5 10 8 6 8 4 6
9 10 3 1 7 9 7 8 2 9
5 3 2 3 1 9 10 10 9 4
5 9 2 6 7 3 3 5 9 2
3 2 6 1 4 6 5 7 1 1
33 40 0
1 1 1 1 1 1 1 1 1 1
1 1 1 1 1 1 1 1 1 1
1 1 1 1 1 1 1 1 1 1
1 1 1 1 1 1 1 1 1 1
1 1 1 1 1 1 1 1 1 1
1 1 1 1 1 1 1 1 1 1
1 1 1 1 1 1 1 1 1 1
1 1 1 1 1 1 1 1 1 1
1 1 1 1 1 1 1 1 1 1
1 1 1 1 1 1 1 1 1 1
34 36 0
2 2 2 2 2 2 2 2 2 2
2 2 2 2 2 2 2 2 2 2
2 2 2 2 2 2 2 2 2 2
2 2 2 2 2 2 2 2 2 2
2 2 2 2 2 2 2 2 2 2
2 2 2 2 2 2 2 2 2 2
2 2 2 2 2 2 2 2 2 2
2 2 2 2 2 2 2 2 2 2
2 2 2 2 2 2 2 2 2 2
2 2 2 2 2 2 2 2 2 2
34 37 0
1 1 1 1 1 1 1 1 1 1
1 1 1 1 1 1 1 1 1 1
1 1 1 1 1 1 1 1 1 1
1 1 1 1 1 1 1 1 1 1
1 1 1 1 1 1 1 1 1 1
1 1 1 1 1 1 1 1 1 1
1 1 1 1 1 1 1 1 1 1
1 1 1 1 1 1 1 1 1 1
1 1 1 1 1 1 1 1 1 1
1 1 1 1 1 1 1 1 1 1
34 39 1
4 2 7 4 7 6 4 3 7 3
8 1 3 9 1 1 2 8 10 1
10 3 7 7 3 8 10 4 2 6
2 8 7 2 10 10 6 3 2 2
4 3 4 6 5 10 1 5 3 9
4 2 4 5 10 1 1 3 5 6
9 5 3 6 1 7 3 10 9 1
10 3 1 5 4 7 6 6 1 1
9 10 2 3 6 10 3 8 4 3
6 6 2 9 4 10 10 3 1 8
34 42 0
2 2 2 2 2 2 2 2 2 2
2 2 2 2 2 2 2 2 2 2
2 2 2 2 2 2 2 2 2 2
2 2 2 2 2 2 2 2 2 2
2 2 2 2 2 2 2 2 2 2
2 2 2 2 2 2 2 2 2 2
2 2 2 2 2 2 2 2 2 2
2 2 2 2 2 2 2 2 2 2
2 2 2 2 2 2 2 2 2 2
2 2 2 2 2 2 2 2 2 2
34 48 1
3 10 9 8 3 7 10 3 5 6
3 5 5 8 5 3 3 2 1 9
2 1 1 4 8 6 2 1 5 4
6 1 6 8 6 6 5 9 6 4
4 1 2 2 5 9 1 8 9 1
9 3 5 2 6 6 8 5 5 1
6 4 6 10 6 1 3 10 6 8
7 2 3 3 7 4 7 8 7 9
8 8 1 10 9 2 10 1 7 3
10 1 4 4 10 10 3 10 3 5
34 49 1
9 5 3 9 5 1 10 9 9 2
6 8 10 8 5 10 2 9 3 3
1 6 4 5 8 1 8 4 6 5
9 5 3 7 2 4 3 2 5 3
6 7 7 10 6 9 1 6 2 7
9 2 9 10 6 4 9 4 4 8
1 8 1 10 3 6 5 1 9 3
6 8 5 9 1 5 7 7 1 2
2 1 6 4 9 5 7 8 3 2
7 8 5 2 10 10 6 4 6 7
35 37 1
7 4 9 3 7 9 6 10 2 10
8 4 5 8 8 9 6 4 10 10
10 2 2 9 9 9 9 3 7 2
6 2 4 9 4 9 3 3 2 6
8 1 4 3 3 6 6 3 8 8
7 5 8 10 1 1 8 6 3 6
3 7 8 4 7 9 3 6 9 3
1 9 5 5 6 4 6 10 6 5
10 2 8 8 4 5 9 7 4 5
5 2 10 1 8 3 5 6 1 1
35 38 0
1 1 1 1 1 1 1 1 1 1
1 1 1 1 1 1 1 1 1 1
1 1 1 1 1 1 1 1 1 1
1 1 1 1 1 1 1 1 1 1
1 1 1 1 1 1 1 1 1 1
1 1 1 1 1 1 1 1 1 1
1 1 1 1 1 1 1 1 1 1
1 1 1 1 1 1 1 1 1 1
1 1 1 1 1 1 1 1 1 1
1 1 1 1 1 1 1 1 1 1
35 44 0
1 1 1 1 1 1 1 1 1 1
1 1 1 1 1 1 1 1 1 1
1 1 1 1 1 1 1 1 1 1
1 1 1 1 1 1 1 1 1 1
1 1 1 1 1 1 1 1 1 1
1 1 1 1 1 1 1 1 1 1
1 1 1 1 1 1 1 1 1 1
1 1 1 1 1 1 1 1 1 1
1 1 1 1 1 1 1 1 1 1
1 1 1 1 1 1 1 1 1 1
35 45 0
2 2 2 2 2 2 2 2 2 2
2 2 2 2 2 2 2 2 2 2
2 2 2 2 2 2 2 2 2 2
2 2 2 2 2 2 2 2 2 2
2 2 2 2 2 2 2 2 2 2
2 2 2 2 2 2 2 2 2 2
2 2 2 2 2 2 2 2 2 2
2 2 2 2 2 2 2 2 2 2
2 2 2 2 2 2 2 2 2 2
2 2 2 2 2 2 2 2 2 2
35 40 1
9 4 4 7 9 10 10 3 9 8
5 4 3 3 7 7 5 2 7 10
5 4 2 4 4 2 5 2 2 6
7 5 10 6 3 7 5 5 3 6
9 1 8 3 4 8 10 6 10 6
10 8 5 1 2 3 5 8 5 10
4 1 7 6 1 9 7 8 7 2
1 5 5 4 3 8 5 8 5 3
8 10 1 8 10 4 9 3 7 4
3 4 6 10 8 7 3 5 2 3
36 38 0
2 2 2 2 2 2 2 2 2 2
2 2 2 2 2 2 2 2 2 2
2 2 2 2 2 2 2 2 2 2
2 2 2 2 2 2 2 2 2 2
2 2 2 2 2 2 2 2 2 2
2 2 2 2 2 2 2 2 2 2
2 2 2 2 2 2 2 2 2 2
2 2 2 2 2 2 2 2 2 2
2 2 2 2 2 2 2 2 2 2
2 2 2 2 2 2 2 2 2 2
36 41 1
5 9 10 9 4 9 7 4 9 2
3 4 7 5 4 1 1 8 2 1
6 7 1 9 3 5 10 5 4 9
5 1 1 6 4 8 1 1 3 1
6 6 8 2 5 9 2 2 9 2
5 2 2 7 10 3 1 5 9 8
6 6 9 5 1 7 5 10 1 2
7 1 7 6 3 8 9 7 3 3
10 1 4 5 5 4 5 5 5 4
1 8 4 5 3 7 2 6 4 1
36 42 1
8 7 10 6 1 6 4 8 10 10
9 9 2 6 4 1 5 5 1 4
6 6 4 8 4 5 4 8 4 7
8 2 6 4 3 4 4 9 3 9
9 10 4 10 7 5 2 9 8 7
6 4 6 4 1 1 1 2 7 7
8 2 8 4 7 1 9 3 3 3
4 6 5 6 8 1 6 7 9 9
1 3 2 3 2 2 3 9 7 6
8 5 1 6 3 7 4 8 7 8
36 46 1
7 9 5 3 1 6 8 10 8 9
7 7 8 9 5 9 9 4 10 1
1 10 1 3 10 9 6 4 5 6
1 8 4 3 10 2 8 9 4 1
6 1 7 9 10 8 5 2 2 10
10 5 5 5 1 10 6 9 8 9
2 8 9 6 9 10 4 3 9 2
1 5 7 9 10 8 5 8 4 6
5 10 5 3 9 8 4 1 10 9
3 10 9 4 8 1 10 8 5 10
37 39 1
6 9 7 6 1 10 5 5 4 8
8 5 10 1 6 2 1 10 6 6
9 5 3 7 10 3 10 3 10 10
5 8 1 5 1 9 4 7 6 7
6 2 8 9 7 5 8 6 4 4
4 9 8 5 4 8 4 5 5 4
10 7 7 8 6 1 8 5 4 9
5 2 5 9 6 3 3 4 10 2
9 7 4 2 6 9 6 1 8 4
9 8 10 5 1 8 6 7 1 9
37 49 1
8 4 3 8 9 4 9 5 4 4
3 5 1 10 8 9 5 1 8 4
6 3 9 9 4 9 8 10 9 6
4 8 9 7 6 3 2 7 7 7
5 5 5 6 9 7 3 9 9 9
5 8 7 1 5 5 10 2 3 3
5 10 3 8 1 1 1 4 3 1
7 7 1 4 3 8 5 9 1 10
1 10 2 8 2 10 2 5 6 4
10 3 8 7 9 2 1 2 10 3
37 42 1
8 5 1 3 9 9 5 8 7 1
10 9 9 7 10 9 6 6 6 1
9 6 6 6 10 9 1 2 3 5
3 7 3 4 2 9 3 3 10 1
2 6 4 10 4 3 3 9 1 4
7 10 1 3 9 6 3 2 1 10
2 4 10 6 3 3 8 10 3 1
10 6 5 2 9 6 9 9 5 9
8 8 1 7 6 1 5 3 10 5
3 1 9 9 5 4 9 10 1 5
37 50 0
1 1 1 1 1 1 1 1 1 1
1 1 1 1 1 1 1 1 1 1
1 1 1 1 1 1 1 1 1 1
1 1 1 1 1 1 1 1 1 1
1 1 1 1 1 1 1 1 1 1
1 1 1 1 1 1 1 1 1 1
1 1 1 1 1 1 1 1 1 1
1 1 1 1 1 1 1 1 1 1
1 1 1 1 1 1 1 1 1 1
1 1 1 1 1 1 1 1 1 1
38 41 1
6 5 4 1 9 7 10 4 1 6
8 4 10 6 3 1 5 4 10 5
8 2 7 8 2 6 9 6 5 8
8 4 7 7 9 4 5 9 4 1
10 6 7 6 8 4 10 3 9 8
4 5 7 9 8 2 6 5 6 2
1 2 7 2 3 6 7 8 9 6
9 6 9 2 8 6 10 7 5 2
2 6 1 8 6 3 8 7 1 7
9 4 3 5 8 9 9 10 10 4
38 43 0
1 1 1 1 1 1 1 1 1 1
1 1 1 1 1 1 1 1 1 1
1 1 1 1 1 1 1 1 1 1
1 1 1 1 1 1 1 1 1 1
1 1 1 1 1 1 1 1 1 1
1 1 1 1 1 1 1 1 1 1
1 1 1 1 1 1 1 1 1 1
1 1 1 1 1 1 1 1 1 1
1 1 1 1 1 1 1 1 1 1
1 1 1 1 1 1 1 1 1 1
38 44 0
1 1 1 1 1 1 1 1 1 1
1 1 1 1 1 1 1 1 1 1
1 1 1 1 1 1 1 1 1 1
1 1 1 1 1 1 1 1 1 1
1 1 1 1 1 1 1 1 1 1
1 1 1 1 1 1 1 1 1 1
1 1 1 1 1 1 1 1 1 1
1 1 1 1 1 1 1 1 1 1
1 1 1 1 1 1 1 1 1 1
1 1 1 1 1 1 1 1 1 1
38 45 0
1 1 1 1 1 1 1 1 1 1
1 1 1 1 1 1 1 1 1 1
1 1 1 1 1 1 1 1 1 1
1 1 1 1 1 1 1 1 1 1
1 1 1 1 1 1 1 1 1 1
1 1 1 1 1 1 1 1 1 1
1 1 1 1 1 1 1 1 1 1
1 1 1 1 1 1 1 1 1 1
1 1 1 1 1 1 1 1 1 1
1 1 1 1 1 1 1 1 1 1
38 46 0
1 1 1 1 1 1 1 1 1 1
1 1 1 1 1 1 1 1 1 1
1 1 1 1 1 1 1 1 1 1
1 1 1 1 1 1 1 1 1 1
1 1 1 1 1 1 1 1 1 1
1 1 1 1 1 1 1 1 1 1
1 1 1 1 1 1 1 1 1 1
1 1 1 1 1 1 1 1 1 1
1 1 1 1 1 1 1 1 1 1
1 1 1 1 1 1 1 1 1 1
38 50 0
1 1 1 1 1 1 1 1 1 1
1 1 1 1 1 1 1 1 1 1
1 1 1 1 1 1 1 1 1 1
1 1 1 1 1 1 1 1 1 1
1 1 1 1 1 1 1 1 1 1
1 1 1 1 1 1 1 1 1 1
1 1 1 1 1 1 1 1 1 1
1 1 1 1 1 1 1 1 1 1
1 1 1 1 1 1 1 1 1 1
1 1 1 1 1 1 1 1 1 1
39 40 1
10 5 4 3 5 9 2 6 1 7
9 10 3 5 2 10 10 2 6 2
2 5 1 4 3 7 6 8 8 2
3 7 5 10 9 8 8 7 4 3
1 3 2 1 8 7 1 4 2 5
4 1 1 6 10 10 1 8 9 1
4 1 8 9 10 4 4 2 4 1
10 10 10 10 1 4 1 2 2 9
9 10 9 8 3 3 2 1 3 2
9 10 8 9 9 6 10 9 8 10
39 45 0
2 2 2 2 2 2 2 2 2 2
2 2 2 2 2 2 2 2 2 2
2 2 2 2 2 2 2 2 2 2
2 2 2 2 2 2 2 2 2 2
2 2 2 2 2 2 2 2 2 2
2 2 2 2 2 2 2 2 2 2
2 2 2 2 2 2 2 2 2 2
2 2 2 2 2 2 2 2 2 2
2 2 2 2 2 2 2 2 2 2
2 2 2 2 2 2 2 2 2 2
40 44 0
1 1 1 1 1 1 1 1 1 1
1 1 1 1 1 1 1 1 1 1
1 1 1 1 1 1 1 1 1 1
1 1 1 1 1 1 1 1 1 1
1 1 1 1 1 1 1 1 1 1
1 1 1 1 1 1 1 1 1 1
1 1 1 1 1 1 1 1 1 1
1 1 1 1 1 1 1 1 1 1
1 1 1 1 1 1 1 1 1 1
1 1 1 1 1 1 1 1 1 1
40 46 0
1 1 1 1 1 1 1 1 1 1
1 1 1 1 1 1 1 1 1 1
1 1 1 1 1 1 1 1 1 1
1 1 1 1 1 1 1 1 1 1
1 1 1 1 1 1 1 1 1 1
1 1 1 1 1 1 1 1 1 1
1 1 1 1 1 1 1 1 1 1
1 1 1 1 1 1 1 1 1 1
1 1 1 1 1 1 1 1 1 1
1 1 1 1 1 1 1 1 1 1
40 45 1
5 10 3 5 8 3 10 2 5 5
2 8 3 1 6 8 1 7 4 4
5 6 9 7 7 10 1 7 9 8
4 2 2 7 9 6 7 8 7 6
4 8 10 7 7 8 4 4 4 9
10 3 10 7 10 7 3 6 8 9
3 3 8 1 9 7 4 6 4 9
10 6 10 8 8 2 3 1 4 5
10 1 6 5 7 5 7 10 9 7
7 5 1 6 10 5 7 9 2 2
41 43 1
3 5 3 5 5 2 2 7 10 9
10 3 9 5 10 3 4 4 1 10
8 9 8 2 7 2 4 5 6 8
1 6 8 9 5 1 5 5 1 7
2 2 7 5 5 2 10 9 7 4
2 9 10 1 8 10 4 4 7 7
2 1 10 9 10 4 10 8 6 3
2 5 8 3 5 10 5 4 4 5
10 2 9 2 7 6 9 10 1 10
2 3 3 4 7 10 6 1 10 6
41 44 1
4 8 7 1 2 10 9 3 8 6
1 10 2 3 6 7 1 7 1 9
5 7 6 6 9 5 5 7 2 5
9 3 10 2 5 2 5 3 9 3
2 7 1 5 5 1 6 5 6 7
3 10 6 9 2 1 9 1 8 6
5 7 9 4 4 5 3 1 9 7
8 4 2 9 8 10 10 1 4 3
2 5 10 10 2 7 8 9 7 10
2 8 1 10 4 8 7 8 3 4
41 45 0
2 2 2 2 2 2 2 2 2 2
2 2 2 2 2 2 2 2 2 2
2 2 2 2 2 2 2 2 2 2
2 2 2 2 2 2 2 2 2 2
2 2 2 2 2 2 2 2 2 2
2 2 2 2 2 2 2 2 2 2
2 2 2 2 2 2 2 2 2 2
2 2 2 2 2 2 2 2 2 2
2 2 2 2 2 2 2 2 2 2
2 2 2 2 2 2 2 2 2 2
41 46 1
9 3 4 3 9 8 10 5 5 8
3 5 2 3 6 10 10 9 5 1
10 8 9 8 9 9 9 7 7 2
8 5 3 8 6 1 8 7 7 7
5 7 4 3 5 8 10 3 8 2
4 6 1 9 5 2 6 1 8 9
10 7 8 10 9 9 3 7 1 4
1 10 3 10 10 2 4 1 7 9
8 8 10 5 4 2 10 2 1 8
6 2 7 8 1 2 7 2 6 10
41 47 1
7 4 2 4 7 1 3 5 9 5
1 4 9 3 2 1 4 4 2 7
1 4 7 2 5 3 3 5 8 1
1 2 3 2 3 8 1 5 2 3
1 7 7 3 4 1 4 5 8 4
1 8 7 1 1 2 4 10 2 3
9 1 4 5 2 9 9 1 5 10
8 2 4 7 6 5 5 10 6 3
3 3 9 8 6 7 6 3 10 9
8 3 8 7 7 4 1 7 8 9
43 47 0
2 2 2 2 2 2 2 2 2 2
2 2 2 2 2 2 2 2 2 2
2 2 2 2 2 2 2 2 2 2
2 2 2 2 2 2 2 2 2 2
2 2 2 2 2 2 2 2 2 2
2 2 2 2 2 2 2 2 2 2
2 2 2 2 2 2 2 2 2 2
2 2 2 2 2 2 2 2 2 2
2 2 2 2 2 2 2 2 2 2
2 2 2 2 2 2 2 2 2 2
43 49 0
2 2 2 2 2 2 2 2 2 2
2 2 2 2 2 2 2 2 2 2
2 2 2 2 2 2 2 2 2 2
2 2 2 2 2 2 2 2 2 2
2 2 2 2 2 2 2 2 2 2
2 2 2 2 2 2 2 2 2 2
2 2 2 2 2 2 2 2 2 2
2 2 2 2 2 2 2 2 2 2
2 2 2 2 2 2 2 2 2 2
2 2 2 2 2 2 2 2 2 2
44 50 1
10 10 6 3 6 5 5 1 6 6
2 4 4 5 5 4 8 8 6 10
2 2 7 8 2 5 3 4 4 4
7 8 3 6 3 4 9 5 9 10
2 1 2 10 3 2 9 1 9 10
8 6 4 4 5 3 7 9 10 1
7 6 4 4 9 1 9 6 1 7
6 5 5 1 5 6 1 4 1 10
7 9 10 4 9 4 4 2 4 7
6 1 10 4 9 8 9 1 2 1
45 46 1
6 5 7 2 5 3 3 10 4 1
6 3 10 5 5 1 7 6 9 5
2 9 7 7 9 3 5 5 1 1
1 4 9 6 7 6 9 4 8 8
1 1 4 4 5 4 9 2 8 6
5 4 10 10 6 8 8 3 4 1
8 7 2 8 9 3 3 2 6 7
8 1 2 8 5 8 8 2 2 9
5 8 5 5 6 5 2 1 7 1
2 7 4 7 6 8 3 5 8 8
45 47 0
2 2 2 2 2 2 2 2 2 2
2 2 2 2 2 2 2 2 2 2
2 2 2 2 2 2 2 2 2 2
2 2 2 2 2 2 2 2 2 2
2 2 2 2 2 2 2 2 2 2
2 2 2 2 2 2 2 2 2 2
2 2 2 2 2 2 2 2 2 2
2 2 2 2 2 2 2 2 2 2
2 2 2 2 2 2 2 2 2 2
2 2 2 2 2 2 2 2 2 2
45 48 0
1 1 1 1 1 1 1 1 1 1
1 1 1 1 1 1 1 1 1 1
1 1 1 1 1 1 1 1 1 1
1 1 1 1 1 1 1 1 1 1
1 1 1 1 1 1 1 1 1 1
1 1 1 1 1 1 1 1 1 1
1 1 1 1 1 1 1 1 1 1
1 1 1 1 1 1 1 1 1 1
1 1 1 1 1 1 1 1 1 1
1 1 1 1 1 1 1 1 1 1
46 50 0
1 1 1 1 1 1 1 1 1 1
1 1 1 1 1 1 1 1 1 1
1 1 1 1 1 1 1 1 1 1
1 1 1 1 1 1 1 1 1 1
1 1 1 1 1 1 1 1 1 1
1 1 1 1 1 1 1 1 1 1
1 1 1 1 1 1 1 1 1 1
1 1 1 1 1 1 1 1 1 1
1 1 1 1 1 1 1 1 1 1
1 1 1 1 1 1 1 1 1 1
46 49 0
2 2 2 2 2 2 2 2 2 2
2 2 2 2 2 2 2 2 2 2
2 2 2 2 2 2 2 2 2 2
2 2 2 2 2 2 2 2 2 2
2 2 2 2 2 2 2 2 2 2
2 2 2 2 2 2 2 2 2 2
2 2 2 2 2 2 2 2 2 2
2 2 2 2 2 2 2 2 2 2
2 2 2 2 2 2 2 2 2 2
2 2 2 2 2 2 2 2 2 2
47 48 0
2 2 2 2 2 2 2 2 2 2
2 2 2 2 2 2 2 2 2 2
2 2 2 2 2 2 2 2 2 2
2 2 2 2 2 2 2 2 2 2
2 2 2 2 2 2 2 2 2 2
2 2 2 2 2 2 2 2 2 2
2 2 2 2 2 2 2 2 2 2
2 2 2 2 2 2 2 2 2 2
2 2 2 2 2 2 2 2 2 2
2 2 2 2 2 2 2 2 2 2
