35 297 1
1 10
1 2 1
6 6 5 1 8 3 9 8 9 1
5 10 1 7 4 9 7 3 9 2
8 4 9 3 3 2 4 9 4 7
2 8 7 1 7 4 8 4 4 5
7 10 1 1 6 2 1 4 2 4
8 2 5 5 4 7 5 4 7 6
10 4 5 5 3 7 6 1 3 2
7 3 2 3 9 1 7 2 5 2
2 5 3 1 3 9 9 8 4 2
7 3 8 2 8 10 3 5 6 6
1 35 1
3 5 2 4 10 6 8 5 8 4
8 9 1 1 6 4 4 1 2 6
8 3 1 7 5 10 1 5 10 2
3 8 9 3 2 6 2 1 4 1
6 3 3 4 3 4 2 9 8 7
3 10 8 7 8 5 3 1 10 2
6 7 8 3 3 8 5 5 7 4
2 6 5 8 2 10 9 7 6 8
1 2 7 3 10 2 3 4 9 7
3 2 1 5 2 7 7 5 8 9
1 6 1
6 2 5 1 7 6 10 10 6 1
5 1 3 8 4 7 5 8 4 1
3 5 2 5 9 4 3 7 6 6
1 8 10 3 10 4 6 5 7 8
10 5 10 8 5 7 2 8 6 5
4 8 10 4 1 2 8 5 4 5
9 2 8 3 5 7 8 10 4 7
7 8 4 4 10 2 9 3 2 6
5 5 5 5 10 1 1 2 10 9
9 3 5 9 5 4 8 5 9 7
1 7 0
2 2 2 2 2 2 2 2 2 2
2 2 2 2 2 2 2 2 2 2
2 2 2 2 2 2 2 2 2 2
2 2 2 2 2 2 2 2 2 2
2 2 2 2 2 2 2 2 2 2
2 2 2 2 2 2 2 2 2 2
2 2 2 2 2 2 2 2 2 2
2 2 2 2 2 2 2 2 2 2
2 2 2 2 2 2 2 2 2 2
2 2 2 2 2 2 2 2 2 2
1 8 1
5 6 4 4 7 3 3 9 2 3
6 1 2 3 5 4 2 6 10 9
9 1 6 6 8 1 2 6 4 9
5 6 1 7 9 7 4 10 9 3
7 1 1 3 10 3 3 9 3 7
9 2 8 1 8 1 10 8 4 1
5 10 2 4 7 3 8 8 10 8
8 5 9 1 8 9 6 4 4 6
6 9 7 5 10 7 6 1 4 5
7 9 9 10 7 3 1 4 4 9
1 11 1
4 2 4 6 2 6 4 5 9 2
6 1 1 8 10 9 10 4 10 2
10 2 1 5 2 4 3 3 7 2
10 3 9 8 8 6 5 4 5 10
9 1 1 6 5 10 9 7 8 5
2 10 8 2 1 5 2 6 1 2
8 3 5 5 1 1 4 9 6 8
10 6 9 10 6 6 6 1 4 7
1 10 8 7 10 1 6 6 7 4
8 5 2 2 4 4 7 6 1 7
1 3 0
1 1 1 1 1 1 1 1 1 1
1 1 1 1 1 1 1 1 1 1
1 1 1 1 1 1 1 1 1 1
1 1 1 1 1 1 1 1 1 1
1 1 1 1 1 1 1 1 1 1
1 1 1 1 1 1 1 1 1 1
1 1 1 1 1 1 1 1 1 1
1 1 1 1 1 1 1 1 1 1
1 1 1 1 1 1 1 1 1 1
1 1 1 1 1 1 1 1 1 1
1 13 0
2 2 2 2 2 2 2 2 2 2
2 2 2 2 2 2 2 2 2 2
2 2 2 2 2 2 2 2 2 2
2 2 2 2 2 2 2 2 2 2
2 2 2 2 2 2 2 2 2 2
2 2 2 2 2 2 2 2 2 2
2 2 2 2 2 2 2 2 2 2
2 2 2 2 2 2 2 2 2 2
2 2 2 2 2 2 2 2 2 2
2 2 2 2 2 2 2 2 2 2
1 14 1
6 4 1 4 2 6 4 6 10 2
2 5 4 5 10 8 10 4 10 4
2 6 6 4 10 9 4 4 7 6
2 10 10 6 1 8 2 8 5 8
3 2 1 7 5 10 1 4 2 1
9 5 9 7 1 1 6 7 9 8
3 4 1 2 7 8 7 4 10 6
2 4 9 6 9 9 10 2 5 6
4 4 6 1 8 2 6 3 7 4
3 2 8 10 9 7 7 6 9 10
1 15 0
1 1 1 1 1 1 1 1 1 1
1 1 1 1 1 1 1 1 1 1
1 1 1 1 1 1 1 1 1 1
1 1 1 1 1 1 1 1 1 1
1 1 1 1 1 1 1 1 1 1
1 1 1 1 1 1 1 1 1 1
1 1 1 1 1 1 1 1 1 1
1 1 1 1 1 1 1 1 1 1
1 1 1 1 1 1 1 1 1 1
1 1 1 1 1 1 1 1 1 1
1 18 1
7 5 5 4 4 1 1 10 1 4
3 4 9 3 9 9 10 2 5 9
8 5 1 3 8 7 3 7 3 1
3 9 2 1 2 10 10 1 2 8
3 9 5 9 4 7 4 5 8 10
10 6 9 3 2 1 7 3 3 10
2 4 7 1 10 3 8 3 8 1
3 9 2 2 2 8 5 4 4 6
4 9 3 9 1 5 1 10 1 1
3 2 8 10 8 4 2 8 6 3
1 19 0
2 2 2 2 2 2 2 2 2 2
2 2 2 2 2 2 2 2 2 2
2 2 2 2 2 2 2 2 2 2
2 2 2 2 2 2 2 2 2 2
2 2 2 2 2 2 2 2 2 2
2 2 2 2 2 2 2 2 2 2
2 2 2 2 2 2 2 2 2 2
2 2 2 2 2 2 2 2 2 2
2 2 2 2 2 2 2 2 2 2
2 2 2 2 2 2 2 2 2 2
1 20 1
2 10 2 2 9 9 8 6 10 5
2 2 6 8 10 5 9 6 6 8
9 3 3 3 6 7 6 8 9 2
9 9 6 7 2 9 4 2 10 8
1 1 8 7 3 3 3 3 7 1
7 6 2 1 2 9 6 10 5 4
10 9 1 8 10 1 6 9 3 4
1 1 1 9 8 1 9 8 1 6
5 2 5 5 10 7 10 8 5 10
4 4 7 9 2 3 4 10 6 3
1 21 0
1 1 1 1 1 1 1 1 1 1
1 1 1 1 1 1 1 1 1 1
1 1 1 1 1 1 1 1 1 1
1 1 1 1 1 1 1 1 1 1
1 1 1 1 1 1 1 1 1 1
1 1 1 1 1 1 1 1 1 1
1 1 1 1 1 1 1 1 1 1
1 1 1 1 1 1 1 1 1 1
1 1 1 1 1 1 1 1 1 1
1 1 1 1 1 1 1 1 1 1
1 22 0
1 1 1 1 1 1 1 1 1 1
1 1 1 1 1 1 1 1 1 1
1 1 1 1 1 1 1 1 1 1
1 1 1 1 1 1 1 1 1 1
1 1 1 1 1 1 1 1 1 1
1 1 1 1 1 1 1 1 1 1
1 1 1 1 1 1 1 1 1 1
1 1 1 1 1 1 1 1 1 1
1 1 1 1 1 1 1 1 1 1
1 1 1 1 1 1 1 1 1 1
1 24 1
9 3 5 2 10 2 10 4 1 3
9 3 7 9 2 5 7 3 4 4
1 9 2 9 4 2 5 2 7 9
4 6 10 9 5 7 10 6 9 9
8 7 6 1 9 7 8 6 3 1
1 6 9 10 6 3 5 7 6 1
8 3 7 10 2 2 2 2 8 3
1 2 5 10 9 7 5 4 4 8
4 6 9 3 3 10 4 9 7 6
7 1 8 10 8 2 2 2 5 2
1 26 0
2 2 2 2 2 2 2 2 2 2
2 2 2 2 2 2 2 2 2 2
2 2 2 2 2 2 2 2 2 2
2 2 2 2 2 2 2 2 2 2
2 2 2 2 2 2 2 2 2 2
2 2 2 2 2 2 2 2 2 2
2 2 2 2 2 2 2 2 2 2
2 2 2 2 2 2 2 2 2 2
2 2 2 2 2 2 2 2 2 2
2 2 2 2 2 2 2 2 2 2
1 30 0
1 1 1 1 1 1 1 1 1 1
1 1 1 1 1 1 1 1 1 1
1 1 1 1 1 1 1 1 1 1
1 1 1 1 1 1 1 1 1 1
1 1 1 1 1 1 1 1 1 1
1 1 1 1 1 1 1 1 1 1
1 1 1 1 1 1 1 1 1 1
1 1 1 1 1 1 1 1 1 1
1 1 1 1 1 1 1 1 1 1
1 1 1 1 1 1 1 1 1 1
2 5 0
2 2 2 2 2 2 2 2 2 2
2 2 2 2 2 2 2 2 2 2
2 2 2 2 2 2 2 2 2 2
2 2 2 2 2 2 2 2 2 2
2 2 2 2 2 2 2 2 2 2
2 2 2 2 2 2 2 2 2 2
2 2 2 2 2 2 2 2 2 2
2 2 2 2 2 2 2 2 2 2
2 2 2 2 2 2 2 2 2 2
2 2 2 2 2 2 2 2 2 2
2 6 1
8 1 7 7 2 7 10 2 2 9
4 4 6 10 4 5 9 8 3 7
6 5 3 4 5 3 1 3 3 1
9 10 5 8 6 5 10 2 3 8
2 1 10 2 9 3 4 9 7 10
8 6 5 3 4 10 3 4 7 1
10 1 2 3 2 10 7 7 6 7
1 9 6 8 4 4 1 4 2 6
8 5 6 10 4 8 3 6 2 6
6 1 8 6 6 4 6 2 10 6
2 7 1
6 5 5 10 9 6 6 4 8 1
7 10 10 7 5 6 7 2 9 3
3 1 10 10 4 4 5 9 4 10
8 3 6 1 7 3 3 3 8 8
7 5 2 4 8 8 3 10 4 4
2 5 9 3 10 4 7 8 4 9
5 8 9 7 3 5 8 1 8 3
9 3 4 7 3 5 5 4 3 6
10 10 10 1 10 8 8 8 7 2
7 4 3 5 6 4 9 4 2 2
2 8 1
10 4 6 3 10 1 2 4 6 5
9 8 8 4 1 9 3 9 10 7
1 5 8 6 10 6 5 3 9 5
2 2 8 4 3 10 1 4 6 2
2 9 6 9 6 1 10 1 4 10
4 1 1 10 3 7 3 1 3 9
3 3 2 2 7 4 8 6 10 4
3 9 10 1 1 4 10 9 7 9
6 3 10 10 2 7 4 2 10 6
10 1 3 5 2 1 7 10 4 10
2 9 0
2 2 2 2 2 2 2 2 2 2
2 2 2 2 2 2 2 2 2 2
2 2 2 2 2 2 2 2 2 2
2 2 2 2 2 2 2 2 2 2
2 2 2 2 2 2 2 2 2 2
2 2 2 2 2 2 2 2 2 2
2 2 2 2 2 2 2 2 2 2
2 2 2 2 2 2 2 2 2 2
2 2 2 2 2 2 2 2 2 2
2 2 2 2 2 2 2 2 2 2
2 10 0
1 1 1 1 1 1 1 1 1 1
1 1 1 1 1 1 1 1 1 1
1 1 1 1 1 1 1 1 1 1
1 1 1 1 1 1 1 1 1 1
1 1 1 1 1 1 1 1 1 1
1 1 1 1 1 1 1 1 1 1
1 1 1 1 1 1 1 1 1 1
1 1 1 1 1 1 1 1 1 1
1 1 1 1 1 1 1 1 1 1
1 1 1 1 1 1 1 1 1 1
2 12 0
1 1 1 1 1 1 1 1 1 1
1 1 1 1 1 1 1 1 1 1
1 1 1 1 1 1 1 1 1 1
1 1 1 1 1 1 1 1 1 1
1 1 1 1 1 1 1 1 1 1
1 1 1 1 1 1 1 1 1 1
1 1 1 1 1 1 1 1 1 1
1 1 1 1 1 1 1 1 1 1
1 1 1 1 1 1 1 1 1 1
1 1 1 1 1 1 1 1 1 1
2 13 1
1 6 4 10 10 6 9 3 6 6
4 3 5 9 7 4 8 8 5 8
5 1 9 4 4 9 9 4 7 9
9 6 2 4 8 1 5 8 1 3
9 10 6 4 3 8 6 6 5 4
1 9 2 2 9 10 8 5 5 1
6 1 10 1 8 9 1 6 8 7
4 9 5 5 9 5 5 5 8 5
6 8 4 10 3 5 9 1 9 3
7 1 5 8 4 9 6 3 7 7
2 14 0
2 2 2 2 2 2 2 2 2 2
2 2 2 2 2 2 2 2 2 2
2 2 2 2 2 2 2 2 2 2
2 2 2 2 2 2 2 2 2 2
2 2 2 2 2 2 2 2 2 2
2 2 2 2 2 2 2 2 2 2
2 2 2 2 2 2 2 2 2 2
2 2 2 2 2 2 2 2 2 2
2 2 2 2 2 2 2 2 2 2
2 2 2 2 2 2 2 2 2 2
2 15 0
2 2 2 2 2 2 2 2 2 2
2 2 2 2 2 2 2 2 2 2
2 2 2 2 2 2 2 2 2 2
2 2 2 2 2 2 2 2 2 2
2 2 2 2 2 2 2 2 2 2
2 2 2 2 2 2 2 2 2 2
2 2 2 2 2 2 2 2 2 2
2 2 2 2 2 2 2 2 2 2
2 2 2 2 2 2 2 2 2 2
2 2 2 2 2 2 2 2 2 2
2 16 1
6 4 10 6 7 6 8 3 2 4
3 3 9 7 10 5 8 6 1 4
7 9 9 3 1 8 10 6 3 7
3 9 8 4 3 7 8 5 6 4
6 5 2 3 2 3 1 4 10 6
1 4 2 7 9 1 5 3 6 8
3 8 1 4 7 6 4 6 3 2
6 7 9 2 7 6 9 1 4 1
2 7 2 6 2 3 4 10 7 2
8 10 1 4 3 6 6 3 2 5
2 18 1
1 4 7 10 10 4 1 8 10 3
3 5 8 1 1 4 2 7 3 1
8 6 9 9 10 9 10 3 6 4
2 6 2 7 6 8 3 10 9 10
1 4 1 10 3 2 4 3 6 3
9 3 2 7 9 2 4 7 5 5
1 2 9 4 10 6 10 4 10 7
5 1 2 6 8 9 7 9 9 9
4 6 10 3 7 1 5 2 1 6
5 6 3 9 1 10 3 2 2 7
2 21 0
1 1 1 1 1 1 1 1 1 1
1 1 1 1 1 1 1 1 1 1
1 1 1 1 1 1 1 1 1 1
1 1 1 1 1 1 1 1 1 1
1 1 1 1 1 1 1 1 1 1
1 1 1 1 1 1 1 1 1 1
1 1 1 1 1 1 1 1 1 1
1 1 1 1 1 1 1 1 1 1
1 1 1 1 1 1 1 1 1 1
1 1 1 1 1 1 1 1 1 1
2 22 1
8 7 9 1 4 6 1 4 9 3
5 7 8 9 3 2 5 2 6 9
10 10 5 3 10 4 1 2 2 1
10 7 8 5 2 2 2 9 3 2
7 7 9 6 6 8 9 7 4 1
8 9 6 1 9 1 10 6 2 2
2 4 5 3 10 2 1 3 6 5
10 6 7 5 2 10 9 10 7 10
9 5 3 7 10 9 9 10 10 4
10 9 1 9 6 10 6 8 7 3
2 24 0
1 1 1 1 1 1 1 1 1 1
1 1 1 1 1 1 1 1 1 1
1 1 1 1 1 1 1 1 1 1
1 1 1 1 1 1 1 1 1 1
1 1 1 1 1 1 1 1 1 1
1 1 1 1 1 1 1 1 1 1
1 1 1 1 1 1 1 1 1 1
1 1 1 1 1 1 1 1 1 1
1 1 1 1 1 1 1 1 1 1
1 1 1 1 1 1 1 1 1 1
2 25 0
1 1 1 1 1 1 1 1 1 1
1 1 1 1 1 1 1 1 1 1
1 1 1 1 1 1 1 1 1 1
1 1 1 1 1 1 1 1 1 1
1 1 1 1 1 1 1 1 1 1
1 1 1 1 1 1 1 1 1 1
1 1 1 1 1 1 1 1 1 1
1 1 1 1 1 1 1 1 1 1
1 1 1 1 1 1 1 1 1 1
1 1 1 1 1 1 1 1 1 1
2 27 1
1 9 2 2 2 3 9 7 4 2
4 5 3 8 7 10 3 3 1 10
8 10 5 2 6 1 9 3 8 10
2 3 6 6 2 2 1 10 5 10
6 6 5 3 5 9 5 8 2 2
2 6 7 2 9 3 6 6 8 3
3 3 2 2 5 5 7 6 4 6
10 6 2 2 5 7 10 8 3 10
9 1 1 3 9 4 7 9 9 5
3 4 9 8 3 8 4 5 8 8
2 29 1
1 8 2 6 4 4 6 3 1 5
1 4 3 9 10 9 3 9 7 5
1 10 2 3 2 2 3 8 7 2
2 1 3 3 3 7 9 3 6 3
5 1 6 4 3 6 3 9 4 8
3 2 7 5 8 1 4 5 3 9
9 6 2 4 7 1 7 4 10 4
3 10 10 5 8 4 7 2 10 8
7 3 10 4 2 4 7 2 1 2
7 7 5 8 9 4 10 10 2 3
2 30 1
2 4 7 9 5 6 10 4 4 1
10 7 4 4 5 3 5 5 1 8
10 10 9 5 5 7 9 2 10 7
7 3 5 9 2 3 6 2 4 4
5 10 1 5 2 9 7 10 3 10
1 10 6 8 4 1 4 3 6 1
4 4 2 5 5 4 4 7 8 2
5 4 2 4 6 9 9 8 7 1
1 3 1 9 3 6 2 9 7 2
9 3 6 5 4 5 6 10 3 10
2 31 1
4 1 1 8 2 2 2 1 10 4
6 9 8 5 2 4 6 7 2 7
8 6 5 3 6 10 4 9 9 10
6 9 4 1 9 9 2 4 8 1
4 8 9 2 5 7 7 6 8 10
8 8 1 10 9 8 8 6 9 2
6 10 7 7 3 9 8 10 10 6
3 8 2 10 3 7 8 7 4 7
9 5 10 7 8 4 4 8 2 3
10 4 1 3 10 4 5 5 3 5
2 32 1
6 1 8 4 6 6 6 8 5 8
10 2 8 9 9 4 8 8 10 8
1 4 5 2 7 8 9 3 1 7
4 4 7 5 4 2 10 8 2 4
1 3 3 4 4 8 3 1 7 8
6 6 2 1 7 6 9 10 7 10
8 3 6 4 8 6 6 4 4 5
7 5 4 1 1 9 6 3 7 9
1 3 2 9 5 1 5 2 8 5
3 4 7 7 8 7 1 2 3 2
2 33 0
1 1 1 1 1 1 1 1 1 1
1 1 1 1 1 1 1 1 1 1
1 1 1 1 1 1 1 1 1 1
1 1 1 1 1 1 1 1 1 1
1 1 1 1 1 1 1 1 1 1
1 1 1 1 1 1 1 1 1 1
1 1 1 1 1 1 1 1 1 1
1 1 1 1 1 1 1 1 1 1
1 1 1 1 1 1 1 1 1 1
1 1 1 1 1 1 1 1 1 1
3 34 1
7 10 6 3 5 8 5 9 8 5
6 3 8 7 7 2 9 1 7 6
2 4 2 6 5 3 8 9 2 5
10 8 9 10 9 2 6 10 1 3
9 2 5 3 2 5 2 8 7 10
9 1 2 1 3 10 9 6 6 10
7 4 1 8 5 9 7 6 9 2
3 9 7 9 5 10 6 1 4 7
5 1 7 7 10 10 2 4 6 8
10 7 7 5 2 9 8 3 7 8
3 5 0
1 1 1 1 1 1 1 1 1 1
1 1 1 1 1 1 1 1 1 1
1 1 1 1 1 1 1 1 1 1
1 1 1 1 1 1 1 1 1 1
1 1 1 1 1 1 1 1 1 1
1 1 1 1 1 1 1 1 1 1
1 1 1 1 1 1 1 1 1 1
1 1 1 1 1 1 1 1 1 1
1 1 1 1 1 1 1 1 1 1
1 1 1 1 1 1 1 1 1 1
3 33 0
1 1 1 1 1 1 1 1 1 1
1 1 1 1 1 1 1 1 1 1
1 1 1 1 1 1 1 1 1 1
1 1 1 1 1 1 1 1 1 1
1 1 1 1 1 1 1 1 1 1
1 1 1 1 1 1 1 1 1 1
1 1 1 1 1 1 1 1 1 1
1 1 1 1 1 1 1 1 1 1
1 1 1 1 1 1 1 1 1 1
1 1 1 1 1 1 1 1 1 1
3 9 0
1 1 1 1 1 1 1 1 1 1
1 1 1 1 1 1 1 1 1 1
1 1 1 1 1 1 1 1 1 1
1 1 1 1 1 1 1 1 1 1
1 1 1 1 1 1 1 1 1 1
1 1 1 1 1 1 1 1 1 1
1 1 1 1 1 1 1 1 1 1
1 1 1 1 1 1 1 1 1 1
1 1 1 1 1 1 1 1 1 1
1 1 1 1 1 1 1 1 1 1
3 11 0
1 1 1 1 1 1 1 1 1 1
1 1 1 1 1 1 1 1 1 1
1 1 1 1 1 1 1 1 1 1
1 1 1 1 1 1 1 1 1 1
1 1 1 1 1 1 1 1 1 1
1 1 1 1 1 1 1 1 1 1
1 1 1 1 1 1 1 1 1 1
1 1 1 1 1 1 1 1 1 1
1 1 1 1 1 1 1 1 1 1
1 1 1 1 1 1 1 1 1 1
3 12 1
2 2 8 6 10 3 5 3 4 3
10 3 4 9 4 5 9 5 4 8
9 3 5 4 5 2 6 3 6 10
9 5 9 5 8 6 8 7 1 3
3 7 6 9 5 9 2 4 9 9
6 2 2 5 6 4 8 10 6 7
1 1 9 1 6 2 4 9 3 1
7 5 8 1 4 2 5 4 3 6
7 9 6 1 2 8 5 5 3 4
7 10 5 3 4 10 10 6 6 6
3 13 1
9 10 4 6 2 10 7 7 7 1
9 3 4 9 6 7 4 5 8 5
4 9 8 2 4 6 4 7 4 4
9 6 8 9 7 1 8 2 8 9
8 4 6 3 7 6 9 4 3 2
4 6 2 9 2 3 8 1 4 2
1 1 8 4 5 9 5 2 8 4
8 5 3 2 4 2 2 4 4 4
9 2 3 4 10 7 10 7 7 1
8 5 6 3 3 7 1 3 9 5
3 14 1
6 1 6 3 5 6 7 5 4 5
7 2 6 8 9 10 10 3 8 6
1 8 4 2 9 10 6 5 1 1
3 3 8 10 4 6 10 6 10 3
7 10 4 3 9 5 8 4 2 2
7 6 2 10 7 6 2 2 2 7
1 8 4 9 2 4 4 1 5 10
10 1 7 4 8 9 1 8 2 4
4 8 2 7 7 8 4 10 1 9
6 2 2 2 10 6 9 8 7 8
3 15 0
2 2 2 2 2 2 2 2 2 2
2 2 2 2 2 2 2 2 2 2
2 2 2 2 2 2 2 2 2 2
2 2 2 2 2 2 2 2 2 2
2 2 2 2 2 2 2 2 2 2
2 2 2 2 2 2 2 2 2 2
2 2 2 2 2 2 2 2 2 2
2 2 2 2 2 2 2 2 2 2
2 2 2 2 2 2 2 2 2 2
2 2 2 2 2 2 2 2 2 2
3 16 1
7 9 2 1 3 1 10 5 1 2
2 1 4 6 4 8 7 7 6 4
8 9 10 7 4 1 3 4 9 10
6 4 8 1 5 4 7 3 4 6
5 4 1 2 2 4 8 5 2 7
3 5 4 4 4 8 6 7 9 8
4 1 8 8 5 7 8 6 5 8
3 4 9 2 10 3 2 6 7 6
9 7 1 2 4 9 6 5 9 2
10 2 4 10 6 6 2 8 8 6
3 19 0
1 1 1 1 1 1 1 1 1 1
1 1 1 1 1 1 1 1 1 1
1 1 1 1 1 1 1 1 1 1
1 1 1 1 1 1 1 1 1 1
1 1 1 1 1 1 1 1 1 1
1 1 1 1 1 1 1 1 1 1
1 1 1 1 1 1 1 1 1 1
1 1 1 1 1 1 1 1 1 1
1 1 1 1 1 1 1 1 1 1
1 1 1 1 1 1 1 1 1 1
3 23 1
1 2 10 6 8 10 10 4 8 2
2 10 1 8 4 10 10 7 7 6
1 4 3 10 3 2 8 7 8 10
2 7 2 10 6 10 7 4 8 6
7 4 7 2 8 10 1 8 1 6
8 10 4 2 1 5 8 1 3 2
7 2 10 10 2 6 3 7 3 9
6 7 5 7 9 2 3 5 5 2
5 7 4 1 7 4 9 10 8 2
6 8 6 9 1 5 9 10 4 9
3 24 1
5 6 8 4 8 4 10 2 1 8
1 4 4 9 4 10 5 9 2 7
7 10 5 10 2 5 8 5 2 10
10 10 6 6 10 9 2 6 6 8
2 9 5 10 8 10 1 8 1 2
3 8 9 6 10 7 9 3 4 9
4 8 5 3 1 7 6 9 3 2
6 6 3 10 7 9 2 3 3 2
3 6 7 5 1 8 8 7 3 9
5 4 4 9 8 4 9 3 9 10
3 26 0
2 2 2 2 2 2 2 2 2 2
2 2 2 2 2 2 2 2 2 2
2 2 2 2 2 2 2 2 2 2
2 2 2 2 2 2 2 2 2 2
2 2 2 2 2 2 2 2 2 2
2 2 2 2 2 2 2 2 2 2
2 2 2 2 2 2 2 2 2 2
2 2 2 2 2 2 2 2 2 2
2 2 2 2 2 2 2 2 2 2
2 2 2 2 2 2 2 2 2 2
3 27 1
6 8 3 10 8 2 2 5 2 1
6 5 7 1 6 4 3 5 2 1
10 2 6 6 5 7 10 10 10 9
9 4 8 10 7 10 9 5 4 2
7 2 7 10 8 1 7 1 1 10
5 9 4 2 4 9 1 10 2 10
4 4 9 1 8 2 9 3 10 1
1 5 2 10 1 3 10 4 4 9
4 2 9 4 9 3 7 3 8 6
1 3 10 7 9 5 9 7 7 8
3 28 1
3 5 2 2 10 3 2 5 5 2
5 8 5 9 1 4 3 6 8 7
6 1 1 2 6 7 3 9 5 3
6 5 1 8 1 7 1 2 8 7
5 9 1 4 9 3 8 1 6 8
3 3 1 5 4 5 6 5 7 9
2 7 9 2 9 10 4 8 8 8
2 4 2 6 1 1 10 1 10 1
8 6 6 10 4 9 9 4 3 2
4 7 9 5 5 1 9 6 6 2
3 29 0
1 1 1 1 1 1 1 1 1 1
1 1 1 1 1 1 1 1 1 1
1 1 1 1 1 1 1 1 1 1
1 1 1 1 1 1 1 1 1 1
1 1 1 1 1 1 1 1 1 1
1 1 1 1 1 1 1 1 1 1
1 1 1 1 1 1 1 1 1 1
1 1 1 1 1 1 1 1 1 1
1 1 1 1 1 1 1 1 1 1
1 1 1 1 1 1 1 1 1 1
3 31 1
5 10 3 5 1 9 7 3 5 1
5 4 5 2 10 6 7 3 9 5
1 7 3 9 6 2 4 9 2 1
7 4 1 10 9 6 10 10 7 10
1 4 1 2 2 3 9 9 6 10
10 10 4 6 8 3 3 4 8 10
7 3 5 6 1 3 3 7 7 6
4 3 3 1 5 9 3 8 4 4
7 9 8 7 3 9 10 9 8 10
8 7 8 4 9 10 8 9 5 5
4 35 0
1 1 1 1 1 1 1 1 1 1
1 1 1 1 1 1 1 1 1 1
1 1 1 1 1 1 1 1 1 1
1 1 1 1 1 1 1 1 1 1
1 1 1 1 1 1 1 1 1 1
1 1 1 1 1 1 1 1 1 1
1 1 1 1 1 1 1 1 1 1
1 1 1 1 1 1 1 1 1 1
1 1 1 1 1 1 1 1 1 1
1 1 1 1 1 1 1 1 1 1
4 5 0
2 2 2 2 2 2 2 2 2 2
2 2 2 2 2 2 2 2 2 2
2 2 2 2 2 2 2 2 2 2
2 2 2 2 2 2 2 2 2 2
2 2 2 2 2 2 2 2 2 2
2 2 2 2 2 2 2 2 2 2
2 2 2 2 2 2 2 2 2 2
2 2 2 2 2 2 2 2 2 2
2 2 2 2 2 2 2 2 2 2
2 2 2 2 2 2 2 2 2 2
4 10 1
1 7 9 9 3 9 1 1 8 10
6 5 10 7 3 4 10 9 1 5
1 3 8 4 7 2 7 7 7 8
5 6 10 4 8 10 6 4 5 1
7 7 2 9 2 6 6 4 6 4
4 7 10 7 9 2 6 4 10 7
5 6 10 5 6 10 1 10 5 5
9 3 8 5 10 6 1 4 1 8
7 5 8 9 10 3 10 7 4 1
9 5 1 6 4 1 2 6 7 2
4 11 0
1 1 1 1 1 1 1 1 1 1
1 1 1 1 1 1 1 1 1 1
1 1 1 1 1 1 1 1 1 1
1 1 1 1 1 1 1 1 1 1
1 1 1 1 1 1 1 1 1 1
1 1 1 1 1 1 1 1 1 1
1 1 1 1 1 1 1 1 1 1
1 1 1 1 1 1 1 1 1 1
1 1 1 1 1 1 1 1 1 1
1 1 1 1 1 1 1 1 1 1
4 12 0
1 1 1 1 1 1 1 1 1 1
1 1 1 1 1 1 1 1 1 1
1 1 1 1 1 1 1 1 1 1
1 1 1 1 1 1 1 1 1 1
1 1 1 1 1 1 1 1 1 1
1 1 1 1 1 1 1 1 1 1
1 1 1 1 1 1 1 1 1 1
1 1 1 1 1 1 1 1 1 1
1 1 1 1 1 1 1 1 1 1
1 1 1 1 1 1 1 1 1 1
4 13 0
1 1 1 1 1 1 1 1 1 1
1 1 1 1 1 1 1 1 1 1
1 1 1 1 1 1 1 1 1 1
1 1 1 1 1 1 1 1 1 1
1 1 1 1 1 1 1 1 1 1
1 1 1 1 1 1 1 1 1 1
1 1 1 1 1 1 1 1 1 1
1 1 1 1 1 1 1 1 1 1
1 1 1 1 1 1 1 1 1 1
1 1 1 1 1 1 1 1 1 1
4 14 1
8 9 5 2 8 10 4 4 1 6
8 9 1 2 3 3 5 9 2 9
2 1 7 7 5 5 7 4 1 10
6 10 2 4 9 8 2 1 10 6
3 2 9 3 5 6 4 10 10 7
3 10 2 7 2 10 6 10 7 9
5 10 7 5 2 10 4 10 10 2
10 4 3 3 3 2 9 8 9 10
2 6 4 1 8 9 2 6 4 6
3 10 5 2 5 5 9 4 5 1
4 15 0
2 2 2 2 2 2 2 2 2 2
2 2 2 2 2 2 2 2 2 2
2 2 2 2 2 2 2 2 2 2
2 2 2 2 2 2 2 2 2 2
2 2 2 2 2 2 2 2 2 2
2 2 2 2 2 2 2 2 2 2
2 2 2 2 2 2 2 2 2 2
2 2 2 2 2 2 2 2 2 2
2 2 2 2 2 2 2 2 2 2
2 2 2 2 2 2 2 2 2 2
4 17 0
2 2 2 2 2 2 2 2 2 2
2 2 2 2 2 2 2 2 2 2
2 2 2 2 2 2 2 2 2 2
2 2 2 2 2 2 2 2 2 2
2 2 2 2 2 2 2 2 2 2
2 2 2 2 2 2 2 2 2 2
2 2 2 2 2 2 2 2 2 2
2 2 2 2 2 2 2 2 2 2
2 2 2 2 2 2 2 2 2 2
2 2 2 2 2 2 2 2 2 2
4 20 1
8 9 7 7 7 7 5 6 7 9
10 1 4 7 9 6 6 10 1 4
9 10 5 9 2 10 10 10 4 10
1 6 5 3 6 2 5 2 1 8
2 5 5 5 3 2 1 10 3 1
8 4 4 6 9 7 3 8 3 6
10 6 6 8 8 10 6 6 7 4
4 10 4 8 4 5 10 5 1 2
2 5 8 8 9 3 5 5 4 10
3 7 6 9 9 9 4 1 8 10
4 23 1
10 8 6 9 4 7 5 8 7 3
3 2 2 8 10 2 4 6 10 3
10 8 1 2 6 8 8 1 9 1
4 1 7 9 3 2 9 1 7 6
5 9 2 1 10 10 10 1 5 5
7 4 5 8 2 6 1 6 6 3
3 9 3 3 7 3 9 2 7 8
8 3 10 4 1 7 7 4 8 7
8 10 1 2 1 2 7 6 1 5
5 3 10 5 2 5 5 8 3 9
4 27 1
5 5 1 8 8 6 6 6 4 8
1 4 7 7 6 7 9 3 4 7
2 6 10 4 7 4 7 2 4 1
4 7 3 7 3 1 1 1 1 5
7 3 3 2 9 3 1 2 1 1
9 9 1 10 4 2 9 10 3 10
2 1 7 2 8 1 6 9 2 6
8 3 10 5 8 4 2 6 7 8
5 10 9 7 8 5 6 1 8 4
10 7 1 5 10 1 6 2 6 9
4 28 1
7 6 5 10 5 2 7 4 4 6
7 4 7 1 3 8 1 3 6 1
4 7 3 5 9 5 3 3 4 5
8 2 2 7 6 10 8 5 4 4
9 8 8 6 8 5 4 7 9 10
9 3 10 6 4 8 2 10 10 10
4 2 4 4 7 7 3 5 1 1
8 5 5 5 8 5 10 9 1 10
6 3 8 5 6 4 8 5 2 3
9 2 2 2 4 8 3 5 4 3
4 29 0
1 1 1 1 1 1 1 1 1 1
1 1 1 1 1 1 1 1 1 1
1 1 1 1 1 1 1 1 1 1
1 1 1 1 1 1 1 1 1 1
1 1 1 1 1 1 1 1 1 1
1 1 1 1 1 1 1 1 1 1
1 1 1 1 1 1 1 1 1 1
1 1 1 1 1 1 1 1 1 1
1 1 1 1 1 1 1 1 1 1
1 1 1 1 1 1 1 1 1 1
4 30 0
2 2 2 2 2 2 2 2 2 2
2 2 2 2 2 2 2 2 2 2
2 2 2 2 2 2 2 2 2 2
2 2 2 2 2 2 2 2 2 2
2 2 2 2 2 2 2 2 2 2
2 2 2 2 2 2 2 2 2 2
2 2 2 2 2 2 2 2 2 2
2 2 2 2 2 2 2 2 2 2
2 2 2 2 2 2 2 2 2 2
2 2 2 2 2 2 2 2 2 2
5 33 0
1 1 1 1 1 1 1 1 1 1
1 1 1 1 1 1 1 1 1 1
1 1 1 1 1 1 1 1 1 1
1 1 1 1 1 1 1 1 1 1
1 1 1 1 1 1 1 1 1 1
1 1 1 1 1 1 1 1 1 1
1 1 1 1 1 1 1 1 1 1
1 1 1 1 1 1 1 1 1 1
1 1 1 1 1 1 1 1 1 1
1 1 1 1 1 1 1 1 1 1
5 34 0
2 2 2 2 2 2 2 2 2 2
2 2 2 2 2 2 2 2 2 2
2 2 2 2 2 2 2 2 2 2
2 2 2 2 2 2 2 2 2 2
2 2 2 2 2 2 2 2 2 2
2 2 2 2 2 2 2 2 2 2
2 2 2 2 2 2 2 2 2 2
2 2 2 2 2 2 2 2 2 2
2 2 2 2 2 2 2 2 2 2
2 2 2 2 2 2 2 2 2 2
5 8 1
8 4 1 10 8 5 6 3 3 3
7 3 9 9 3 5 2 9 8 9
9 4 6 3 10 2 5 7 9 10
6 2 2 3 4 5 10 7 1 2
6 6 4 2 10 10 1 9 5 8
5 7 2 3 8 8 6 9 3 9
8 3 8 9 9 5 4 1 1 10
8 3 10 6 9 1 2 5 8 5
9 8 5 9 8 3 3 4 5 4
6 1 5 8 6 3 10 6 5 4
5 9 1
3 1 8 6 2 1 2 8 4 7
10 9 2 7 5 10 6 3 8 10
9 6 6 10 10 5 5 7 2 8
6 7 10 10 10 4 1 9 10 4
9 4 7 10 10 2 9 3 8 5
4 1 10 7 5 7 10 10 1 10
2 6 4 8 8 10 6 3 5 9
4 3 10 3 9 4 4 9 7 9
9 9 10 10 4 4 7 4 10 10
8 6 8 2 8 8 1 9 2 1
5 11 0
2 2 2 2 2 2 2 2 2 2
2 2 2 2 2 2 2 2 2 2
2 2 2 2 2 2 2 2 2 2
2 2 2 2 2 2 2 2 2 2
2 2 2 2 2 2 2 2 2 2
2 2 2 2 2 2 2 2 2 2
2 2 2 2 2 2 2 2 2 2
2 2 2 2 2 2 2 2 2 2
2 2 2 2 2 2 2 2 2 2
2 2 2 2 2 2 2 2 2 2
5 14 1
1 1 6 3 8 6 10 9 7 5
2 9 9 5 7 6 5 9 4 8
8 8 10 7 6 6 3 6 7 8
2 5 6 2 2 10 7 8 7 8
3 5 5 9 3 3 9 1 1 7
5 10 10 9 10 9 7 6 5 4
4 3 1 6 1 1 1 10 4 3
8 2 5 9 4 7 9 8 2 2
3 9 10 5 9 10 2 4 2 2
4 5 1 6 4 4 8 3 1 10
5 15 0
1 1 1 1 1 1 1 1 1 1
1 1 1 1 1 1 1 1 1 1
1 1 1 1 1 1 1 1 1 1
1 1 1 1 1 1 1 1 1 1
1 1 1 1 1 1 1 1 1 1
1 1 1 1 1 1 1 1 1 1
1 1 1 1 1 1 1 1 1 1
1 1 1 1 1 1 1 1 1 1
1 1 1 1 1 1 1 1 1 1
1 1 1 1 1 1 1 1 1 1
5 17 1
1 9 9 4 4 9 9 4 4 4
6 9 9 2 8 4 1 6 7 4
9 7 2 2 8 7 2 3 3 1
10 8 4 4 3 9 4 5 10 5
4 4 1 9 1 7 2 3 8 5
5 6 2 9 3 10 7 9 7 5
3 3 10 1 8 8 10 5 10 9
1 7 6 1 4 4 5 5 6 7
2 9 9 1 7 2 5 1 5 4
6 2 8 7 3 1 10 10 6 7
5 19 0
1 1 1 1 1 1 1 1 1 1
1 1 1 1 1 1 1 1 1 1
1 1 1 1 1 1 1 1 1 1
1 1 1 1 1 1 1 1 1 1
1 1 1 1 1 1 1 1 1 1
1 1 1 1 1 1 1 1 1 1
1 1 1 1 1 1 1 1 1 1
1 1 1 1 1 1 1 1 1 1
1 1 1 1 1 1 1 1 1 1
1 1 1 1 1 1 1 1 1 1
5 21 0
2 2 2 2 2 2 2 2 2 2
2 2 2 2 2 2 2 2 2 2
2 2 2 2 2 2 2 2 2 2
2 2 2 2 2 2 2 2 2 2
2 2 2 2 2 2 2 2 2 2
2 2 2 2 2 2 2 2 2 2
2 2 2 2 2 2 2 2 2 2
2 2 2 2 2 2 2 2 2 2
2 2 2 2 2 2 2 2 2 2
2 2 2 2 2 2 2 2 2 2
5 23 0
1 1 1 1 1 1 1 1 1 1
1 1 1 1 1 1 1 1 1 1
1 1 1 1 1 1 1 1 1 1
1 1 1 1 1 1 1 1 1 1
1 1 1 1 1 1 1 1 1 1
1 1 1 1 1 1 1 1 1 1
1 1 1 1 1 1 1 1 1 1
1 1 1 1 1 1 1 1 1 1
1 1 1 1 1 1 1 1 1 1
1 1 1 1 1 1 1 1 1 1
5 24 0
1 1 1 1 1 1 1 1 1 1
1 1 1 1 1 1 1 1 1 1
1 1 1 1 1 1 1 1 1 1
1 1 1 1 1 1 1 1 1 1
1 1 1 1 1 1 1 1 1 1
1 1 1 1 1 1 1 1 1 1
1 1 1 1 1 1 1 1 1 1
1 1 1 1 1 1 1 1 1 1
1 1 1 1 1 1 1 1 1 1
1 1 1 1 1 1 1 1 1 1
5 26 1
1 2 10 8 9 1 5 2 2 5
3 9 2 9 4 1 6 3 4 5
5 7 5 10 8 4 6 8 5 6
10 5 2 5 9 3 6 6 9 9
3 5 7 1 8 6 1 3 1 3
2 9 9 5 9 6 2 2 6 8
4 7 8 6 5 3 2 6 10 6
9 4 1 3 2 10 4 6 10 7
9 2 10 9 4 2 3 7 10 1
2 3 3 1 4 8 7 8 6 7
5 31 1
5 9 7 9 2 9 7 2 9 7
8 2 5 5 8 9 2 8 2 10
5 3 1 9 9 3 9 4 7 6
6 4 2 3 10 10 5 8 1 2
10 3 6 8 9 9 5 2 10 5
2 9 3 9 6 5 2 6 7 5
1 8 2 1 1 6 8 9 8 6
6 4 10 5 5 5 1 4 1 9
9 7 10 8 8 9 9 8 5 10
9 6 1 6 4 10 10 3 1 2
5 32 1
2 7 8 3 10 8 5 7 3 10
7 9 4 2 10 5 4 1 7 6
6 10 4 1 3 4 4 1 3 6
2 7 2 7 1 9 8 8 8 5
6 6 10 10 6 7 9 4 3 6
10 10 1 9 2 8 9 3 1 5
10 10 1 9 5 2 2 3 10 3
1 3 10 7 8 4 4 4 1 8
3 4 4 4 10 6 6 10 6 5
7 4 10 4 5 1 6 2 7 1
6 33 1
9 9 10 6 3 6 9 1 10 5
2 9 10 10 5 7 10 5 10 8
10 8 7 10 1 10 3 7 1 6
9 3 9 1 2 6 6 9 4 5
2 10 7 10 1 4 2 3 10 5
10 6 6 10 7 6 7 9 4 8
7 5 4 5 1 1 9 5 10 2
3 8 2 1 3 10 5 3 8 3
2 3 2 2 2 4 2 9 10 9
8 10 1 6 3 2 4 10 1 5
6 35 1
2 8 5 7 1 9 9 4 2 4
6 3 7 2 9 3 1 9 6 9
9 6 9 10 6 2 4 9 4 3
8 8 7 6 10 7 8 7 3 7
4 1 4 9 7 7 3 8 10 10
4 7 8 5 7 10 6 9 6 8
3 6 2 4 1 10 3 9 8 3
6 2 10 3 5 3 10 7 8 9
8 9 5 6 10 9 2 7 5 6
8 6 8 5 4 6 5 1 3 8
6 7 1
6 9 7 7 3 9 2 7 6 9
6 10 10 8 9 1 5 7 7 9
2 8 7 10 6 7 6 6 7 6
10 4 2 4 7 6 5 6 2 9
3 8 9 1 6 6 3 8 3 10
3 6 4 5 2 5 9 3 9 10
10 8 1 6 7 1 3 9 7 3
3 4 6 7 7 5 6 1 10 6
6 7 3 10 6 4 2 7 8 10
10 4 7 3 10 8 1 5 1 3
6 12 1
10 6 9 1 7 3 2 10 3 8
6 9 10 3 1 2 8 3 5 4
6 7 7 3 7 6 10 1 1 2
3 1 6 2 1 3 2 5 8 5
10 8 1 9 3 2 4 6 1 9
6 10 6 8 3 4 7 3 5 3
4 8 5 3 6 2 3 10 1 7
10 9 8 4 6 4 1 5 5 6
3 10 8 2 4 10 6 3 2 7
7 3 2 9 8 8 9 9 8 6
6 15 0
2 2 2 2 2 2 2 2 2 2
2 2 2 2 2 2 2 2 2 2
2 2 2 2 2 2 2 2 2 2
2 2 2 2 2 2 2 2 2 2
2 2 2 2 2 2 2 2 2 2
2 2 2 2 2 2 2 2 2 2
2 2 2 2 2 2 2 2 2 2
2 2 2 2 2 2 2 2 2 2
2 2 2 2 2 2 2 2 2 2
2 2 2 2 2 2 2 2 2 2
6 17 1
4 9 3 6 6 6 9 2 1 4
1 3 7 1 9 9 7 2 7 1
4 5 4 1 4 9 6 6 2 3
7 10 10 2 10 3 1 2 9 8
7 8 4 9 1 10 10 8 9 7
10 8 4 2 4 10 8 10 1 8
6 1 1 8 1 3 1 3 1 2
7 10 2 5 8 9 5 1 1 3
7 2 8 6 3 1 10 10 2 7
1 5 3 10 2 5 7 4 1 8
6 19 0
2 2 2 2 2 2 2 2 2 2
2 2 2 2 2 2 2 2 2 2
2 2 2 2 2 2 2 2 2 2
2 2 2 2 2 2 2 2 2 2
2 2 2 2 2 2 2 2 2 2
2 2 2 2 2 2 2 2 2 2
2 2 2 2 2 2 2 2 2 2
2 2 2 2 2 2 2 2 2 2
2 2 2 2 2 2 2 2 2 2
2 2 2 2 2 2 2 2 2 2
6 20 1
4 7 3 2 3 4 4 5 7 10
4 1 1 10 6 9 9 5 4 4
10 3 4 7 7 6 9 3 1 3
1 7 10 2 8 1 1 4 4 1
10 5 1 6 6 4 1 1 9 2
5 5 6 7 8 9 7 5 6 2
7 6 5 6 3 4 2 1 4 2
6 3 3 10 2 3 7 3 7 1
3 6 2 8 5 2 8 10 4 5
9 6 7 3 5 6 5 4 7 5
6 21 1
10 8 6 3 10 2 6 7 10 3
7 9 2 2 4 4 8 5 10 6
1 3 9 1 10 3 8 8 10 5
10 4 7 1 6 10 4 6 5 9
1 9 9 10 3 8 10 8 9 10
1 7 10 3 5 1 5 2 6 7
1 8 10 3 9 6 3 4 7 1
6 4 9 8 8 4 6 3 9 1
3 5 8 1 2 10 9 4 9 2
4 6 5 1 6 5 6 2 3 3
6 23 1
2 9 7 8 9 6 1 9 5 9
1 8 8 3 6 6 9 8 1 3
2 5 2 10 2 5 4 9 7 7
2 4 10 5 2 4 3 5 2 2
3 2 10 1 3 6 10 2 6 7
2 10 8 10 5 6 10 1 3 8
10 9 5 10 9 8 8 2 1 2
3 7 1 2 6 5 2 1 5 7
4 1 3 5 3 4 2 7 5 2
1 7 4 6 9 10 9 8 10 5
6 25 1
3 7 3 7 3 8 7 9 2 10
6 5 9 2 7 4 3 1 3 7
1 1 10 5 7 7 3 3 7 2
6 2 1 10 6 1 10 4 4 1
9 8 9 6 5 5 6 3 5 9
3 10 1 4 3 5 5 7 10 3
7 9 10 1 5 5 1 7 3 10
10 2 3 7 9 7 8 9 3 4
5 9 4 9 7 9 1 8 2 9
5 3 1 9 7 5 7 3 10 3
6 29 1
3 6 5 9 6 2 4 2 8 5
2 8 6 5 9 1 4 9 8 4
8 7 4 1 8 3 1 2 9 1
4 4 1 8 1 8 2 8 5 4
9 4 9 7 10 7 4 4 10 5
7 7 9 4 10 5 4 7 3 6
7 4 4 2 3 1 2 1 9 2
9 10 8 9 1 5 7 5 5 2
7 6 3 3 5 3 1 7 2 7
1 8 8 7 10 9 3 4 8 3
7 34 0
2 2 2 2 2 2 2 2 2 2
2 2 2 2 2 2 2 2 2 2
2 2 2 2 2 2 2 2 2 2
2 2 2 2 2 2 2 2 2 2
2 2 2 2 2 2 2 2 2 2
2 2 2 2 2 2 2 2 2 2
2 2 2 2 2 2 2 2 2 2
2 2 2 2 2 2 2 2 2 2
2 2 2 2 2 2 2 2 2 2
2 2 2 2 2 2 2 2 2 2
7 35 1
4 9 6 9 3 8 5 9 1 1
2 10 8 4 3 10 4 1 1 7
4 7 1 1 2 2 1 6 2 3
3 7 6 5 4 4 1 9 8 5
3 5 9 6 2 2 4 10 8 2
6 8 7 5 4 9 2 2 3 8
7 8 2 9 9 6 1 8 9 1
3 5 9 9 2 8 8 4 6 7
3 1 5 4 8 2 6 4 7 1
8 3 7 6 9 7 5 10 4 7
7 8 1
5 4 10 5 7 7 6 5 3 6
2 6 2 5 1 6 3 9 4 4
3 1 3 1 9 3 4 4 1 8
10 3 3 2 3 9 5 8 7 6
10 4 2 3 8 7 4 2 8 7
4 3 6 7 8 4 1 9 3 9
10 6 9 9 10 5 7 5 5 5
2 7 9 10 2 2 2 2 5 5
5 5 9 5 3 1 5 5 10 7
3 9 4 10 9 1 5 6 8 10
7 13 0
1 1 1 1 1 1 1 1 1 1
1 1 1 1 1 1 1 1 1 1
1 1 1 1 1 1 1 1 1 1
1 1 1 1 1 1 1 1 1 1
1 1 1 1 1 1 1 1 1 1
1 1 1 1 1 1 1 1 1 1
1 1 1 1 1 1 1 1 1 1
1 1 1 1 1 1 1 1 1 1
1 1 1 1 1 1 1 1 1 1
1 1 1 1 1 1 1 1 1 1
7 16 1
3 9 6 9 2 3 6 4 6 7
10 3 4 7 6 5 1 4 10 8
10 10 1 9 8 7 9 6 6 2
8 10 8 7 3 9 4 4 7 5
3 8 9 6 7 9 2 8 7 3
8 1 10 6 10 2 4 5 2 1
8 4 9 4 7 3 3 10 6 4
1 4 10 5 1 8 7 7 3 5
9 1 1 10 1 7 2 3 3 4
3 1 7 9 7 10 3 3 5 4
7 18 0
1 1 1 1 1 1 1 1 1 1
1 1 1 1 1 1 1 1 1 1
1 1 1 1 1 1 1 1 1 1
1 1 1 1 1 1 1 1 1 1
1 1 1 1 1 1 1 1 1 1
1 1 1 1 1 1 1 1 1 1
1 1 1 1 1 1 1 1 1 1
1 1 1 1 1 1 1 1 1 1
1 1 1 1 1 1 1 1 1 1
1 1 1 1 1 1 1 1 1 1
7 20 0
1 1 1 1 1 1 1 1 1 1
1 1 1 1 1 1 1 1 1 1
1 1 1 1 1 1 1 1 1 1
1 1 1 1 1 1 1 1 1 1
1 1 1 1 1 1 1 1 1 1
1 1 1 1 1 1 1 1 1 1
1 1 1 1 1 1 1 1 1 1
1 1 1 1 1 1 1 1 1 1
1 1 1 1 1 1 1 1 1 1
1 1 1 1 1 1 1 1 1 1
7 23 1
10 2 5 10 3 10 7 9 1 3
6 2 6 1 2 7 8 9 6 5
5 9 7 2 3 7 4 1 1 9
8 10 5 2 4 5 3 2 6 7
5 1 1 1 9 3 6 8 2 3
5 2 2 8 2 2 4 3 1 3
1 5 1 5 10 6 5 9 6 8
3 8 3 3 3 8 8 9 9 5
4 5 9 10 9 10 7 7 3 8
5 8 10 8 8 1 8 8 6 1
7 28 0
1 1 1 1 1 1 1 1 1 1
1 1 1 1 1 1 1 1 1 1
1 1 1 1 1 1 1 1 1 1
1 1 1 1 1 1 1 1 1 1
1 1 1 1 1 1 1 1 1 1
1 1 1 1 1 1 1 1 1 1
1 1 1 1 1 1 1 1 1 1
1 1 1 1 1 1 1 1 1 1
1 1 1 1 1 1 1 1 1 1
1 1 1 1 1 1 1 1 1 1
7 31 1
10 8 7 5 4 8 10 5 3 7
7 6 8 3 4 3 9 8 7 9
6 9 8 5 2 2 5 9 2 10
1 6 2 2 1 7 2 4 1 10
5 6 8 7 2 4 2 10 1 8
1 10 8 10 6 10 5 3 1 6
5 6 10 3 5 10 1 4 2 6
3 9 1 4 3 7 7 3 7 9
4 2 2 7 1 4 5 10 3 2
8 1 10 2 10 9 4 10 5 2
8 34 0
2 2 2 2 2 2 2 2 2 2
2 2 2 2 2 2 2 2 2 2
2 2 2 2 2 2 2 2 2 2
2 2 2 2 2 2 2 2 2 2
2 2 2 2 2 2 2 2 2 2
2 2 2 2 2 2 2 2 2 2
2 2 2 2 2 2 2 2 2 2
2 2 2 2 2 2 2 2 2 2
2 2 2 2 2 2 2 2 2 2
2 2 2 2 2 2 2 2 2 2
8 11 1
3 6 4 3 1 4 10 1 10 7
8 7 9 7 5 6 9 2 2 10
8 7 1 1 1 2 7 9 5 1
9 4 1 4 10 4 8 9 8 5
5 9 7 4 2 6 6 6 3 6
7 10 8 4 2 1 10 7 2 8
9 7 8 1 4 3 8 9 9 7
1 10 4 3 7 5 9 8 5 7
4 4 3 5 7 3 10 5 10 9
1 3 2 1 4 7 3 2 10 6
8 12 1
7 2 8 7 7 9 6 3 1 2
6 1 10 1 5 4 9 6 2 1
9 10 7 8 6 4 1 9 2 3
5 2 4 6 5 5 2 3 1 6
3 10 5 6 5 9 8 1 5 2
5 4 4 1 4 8 3 2 5 3
5 10 8 4 8 7 10 8 3 7
4 1 9 6 4 8 4 5 9 1
10 3 1 5 5 7 3 8 7 1
1 4 10 4 10 6 4 2 1 5
8 19 0
2 2 2 2 2 2 2 2 2 2
2 2 2 2 2 2 2 2 2 2
2 2 2 2 2 2 2 2 2 2
2 2 2 2 2 2 2 2 2 2
2 2 2 2 2 2 2 2 2 2
2 2 2 2 2 2 2 2 2 2
2 2 2 2 2 2 2 2 2 2
2 2 2 2 2 2 2 2 2 2
2 2 2 2 2 2 2 2 2 2
2 2 2 2 2 2 2 2 2 2
8 21 0
2 2 2 2 2 2 2 2 2 2
2 2 2 2 2 2 2 2 2 2
2 2 2 2 2 2 2 2 2 2
2 2 2 2 2 2 2 2 2 2
2 2 2 2 2 2 2 2 2 2
2 2 2 2 2 2 2 2 2 2
2 2 2 2 2 2 2 2 2 2
2 2 2 2 2 2 2 2 2 2
2 2 2 2 2 2 2 2 2 2
2 2 2 2 2 2 2 2 2 2
8 22 0
1 1 1 1 1 1 1 1 1 1
1 1 1 1 1 1 1 1 1 1
1 1 1 1 1 1 1 1 1 1
1 1 1 1 1 1 1 1 1 1
1 1 1 1 1 1 1 1 1 1
1 1 1 1 1 1 1 1 1 1
1 1 1 1 1 1 1 1 1 1
1 1 1 1 1 1 1 1 1 1
1 1 1 1 1 1 1 1 1 1
1 1 1 1 1 1 1 1 1 1
8 23 1
1 6 8 10 4 9 6 3 7 4
8 10 7 9 10 1 2 1 6 1
2 3 9 5 9 1 3 3 1 2
3 10 6 2 1 2 3 1 10 3
6 10 9 9 9 2 2 4 1 8
7 6 5 2 1 10 3 8 2 7
5 1 3 9 2 2 4 7 6 2
5 10 7 1 2 10 9 4 3 6
5 6 4 5 1 4 5 3 2 3
5 1 3 10 8 2 4 1 8 2
8 24 0
2 2 2 2 2 2 2 2 2 2
2 2 2 2 2 2 2 2 2 2
2 2 2 2 2 2 2 2 2 2
2 2 2 2 2 2 2 2 2 2
2 2 2 2 2 2 2 2 2 2
2 2 2 2 2 2 2 2 2 2
2 2 2 2 2 2 2 2 2 2
2 2 2 2 2 2 2 2 2 2
2 2 2 2 2 2 2 2 2 2
2 2 2 2 2 2 2 2 2 2
8 25 1
6 6 1 7 1 9 4 9 3 7
1 4 4 2 6 9 5 10 1 1
5 10 7 2 4 9 6 5 8 6
3 10 3 1 10 6 5 7 3 9
10 2 10 10 3 6 1 9 3 7
8 9 6 4 1 3 5 6 1 1
6 4 9 6 1 8 5 10 9 5
2 8 4 6 2 9 9 5 6 9
7 3 6 1 10 3 10 6 6 8
5 3 5 2 6 3 1 9 2 7
8 26 1
5 8 2 9 1 10 3 2 5 10
3 5 7 9 9 4 6 3 6 4
7 5 7 7 7 3 4 10 5 4
4 2 4 1 8 3 6 10 4 9
8 9 2 5 2 3 9 6 3 6
2 3 3 10 10 7 8 10 4 1
6 8 7 5 1 5 4 5 8 10
6 2 3 10 3 6 3 9 9 9
6 7 9 3 4 1 10 7 1 8
7 1 6 2 5 5 5 6 1 5
8 27 1
6 10 8 7 1 2 2 3 8 9
2 7 1 6 10 6 9 10 4 7
4 7 9 7 3 8 9 9 1 10
6 1 3 8 7 5 3 8 3 10
8 5 7 10 10 5 8 6 2 4
4 6 1 8 2 2 8 8 2 1
3 4 1 6 6 3 4 8 6 1
10 10 8 2 7 7 10 1 6 9
7 8 1 8 2 7 1 1 7 5
4 2 5 2 10 3 1 6 1 3
8 30 0
1 1 1 1 1 1 1 1 1 1
1 1 1 1 1 1 1 1 1 1
1 1 1 1 1 1 1 1 1 1
1 1 1 1 1 1 1 1 1 1
1 1 1 1 1 1 1 1 1 1
1 1 1 1 1 1 1 1 1 1
1 1 1 1 1 1 1 1 1 1
1 1 1 1 1 1 1 1 1 1
1 1 1 1 1 1 1 1 1 1
1 1 1 1 1 1 1 1 1 1
8 32 1
5 4 6 3 4 8 6 5 3 9
4 1 10 6 5 7 2 3 10 5
10 6 8 5 1 5 5 5 5 5
7 1 6 2 2 2 6 10 1 3
2 1 7 9 5 3 1 2 9 2
5 9 2 9 6 9 10 5 8 1
9 1 7 5 1 8 10 7 2 7
8 10 1 7 4 8 7 5 1 2
6 2 4 2 5 6 3 3 1 1
10 2 7 5 10 6 4 3 1 3
9 33 0
2 2 2 2 2 2 2 2 2 2
2 2 2 2 2 2 2 2 2 2
2 2 2 2 2 2 2 2 2 2
2 2 2 2 2 2 2 2 2 2
2 2 2 2 2 2 2 2 2 2
2 2 2 2 2 2 2 2 2 2
2 2 2 2 2 2 2 2 2 2
2 2 2 2 2 2 2 2 2 2
2 2 2 2 2 2 2 2 2 2
2 2 2 2 2 2 2 2 2 2
9 34 0
1 1 1 1 1 1 1 1 1 1
1 1 1 1 1 1 1 1 1 1
1 1 1 1 1 1 1 1 1 1
1 1 1 1 1 1 1 1 1 1
1 1 1 1 1 1 1 1 1 1
1 1 1 1 1 1 1 1 1 1
1 1 1 1 1 1 1 1 1 1
1 1 1 1 1 1 1 1 1 1
1 1 1 1 1 1 1 1 1 1
1 1 1 1 1 1 1 1 1 1
9 10 1
1 10 2 5 8 8 9 3 7 6
7 2 7 8 3 3 7 8 9 9
5 9 10 7 5 1 7 3 6 1
9 8 10 10 6 9 5 2 9 4
5 8 10 8 2 8 4 9 10 1
8 6 6 9 9 9 6 3 7 2
10 4 7 4 5 10 2 7 7 10
8 1 5 8 10 6 5 9 8 5
4 4 10 3 2 4 3 10 10 1
10 3 6 9 2 10 10 6 8 1
9 12 0
1 1 1 1 1 1 1 1 1 1
1 1 1 1 1 1 1 1 1 1
1 1 1 1 1 1 1 1 1 1
1 1 1 1 1 1 1 1 1 1
1 1 1 1 1 1 1 1 1 1
1 1 1 1 1 1 1 1 1 1
1 1 1 1 1 1 1 1 1 1
1 1 1 1 1 1 1 1 1 1
1 1 1 1 1 1 1 1 1 1
1 1 1 1 1 1 1 1 1 1
9 13 1
4 2 5 3 6 4 1 6 5 5
4 10 8 1 9 3 6 6 6 7
5 7 4 6 5 9 6 7 5 5
5 6 8 2 3 9 6 6 2 8
10 10 7 5 6 10 5 6 5 3
10 4 10 10 5 7 2 2 9 8
7 9 3 5 6 5 7 9 10 10
3 10 9 4 10 8 9 8 10 4
10 7 1 1 9 8 9 3 2 5
8 9 3 6 4 10 3 1 7 5
9 16 1
6 9 10 1 3 3 8 1 10 1
6 5 8 8 1 4 4 7 3 3
2 2 2 4 6 3 5 4 8 10
1 2 3 2 10 10 7 5 1 6
3 7 3 5 3 6 3 10 4 1
9 6 6 5 3 9 3 4 3 10
4 3 4 9 3 4 2 10 7 1
2 4 8 2 4 6 1 10 7 9
3 1 5 1 7 2 9 3 4 2
8 9 8 3 1 1 3 10 5 5
9 17 1
6 3 3 4 2 1 1 3 10 6
5 6 8 4 9 5 2 9 8 6
5 6 8 3 9 7 9 1 8 5
1 9 5 8 3 6 5 6 5 2
7 4 9 5 2 8 7 4 1 2
3 10 4 6 5 6 7 5 1 1
5 5 3 2 8 10 5 10 4 8
4 9 1 1 1 3 10 2 8 5
4 3 1 7 5 8 7 4 7 10
4 2 5 4 8 2 6 8 2 9
9 18 1
8 7 10 7 2 4 8 1 10 5
10 8 9 10 3 8 9 9 9 9
4 2 8 8 2 6 7 10 9 10
10 7 10 1 10 7 9 9 9 1
2 7 7 3 7 6 1 1 2 6
10 2 7 6 4 5 3 10 7 3
2 1 6 2 5 4 1 3 1 6
1 5 7 5 9 10 9 5 10 7
1 3 9 7 3 8 6 1 7 2
8 6 1 1 6 8 8 3 10 9
9 19 1
6 4 4 9 4 1 1 1 8 9
6 10 7 3 4 6 9 1 4 9
6 9 4 10 2 7 4 6 6 6
1 3 4 5 10 8 8 5 7 2
2 10 1 9 10 3 1 1 5 4
9 3 9 1 5 1 4 2 5 5
4 6 5 9 6 6 5 3 3 2
3 10 9 2 2 8 6 4 10 2
8 4 8 5 5 5 7 9 4 9
4 3 7 2 3 9 9 7 6 4
9 21 1
10 10 2 1 4 6 9 3 10 4
10 4 4 10 9 8 6 7 9 7
5 2 3 1 8 6 7 7 8 1
3 8 10 9 4 7 1 5 6 7
6 1 6 8 10 2 9 2 3 1
8 8 10 10 8 9 5 2 4 2
2 9 4 7 1 3 8 7 7 8
2 7 7 9 6 8 4 10 8 4
2 2 8 10 6 4 9 4 7 9
9 10 6 10 3 5 4 1 7 10
9 22 0
2 2 2 2 2 2 2 2 2 2
2 2 2 2 2 2 2 2 2 2
2 2 2 2 2 2 2 2 2 2
2 2 2 2 2 2 2 2 2 2
2 2 2 2 2 2 2 2 2 2
2 2 2 2 2 2 2 2 2 2
2 2 2 2 2 2 2 2 2 2
2 2 2 2 2 2 2 2 2 2
2 2 2 2 2 2 2 2 2 2
2 2 2 2 2 2 2 2 2 2
9 24 0
1 1 1 1 1 1 1 1 1 1
1 1 1 1 1 1 1 1 1 1
1 1 1 1 1 1 1 1 1 1
1 1 1 1 1 1 1 1 1 1
1 1 1 1 1 1 1 1 1 1
1 1 1 1 1 1 1 1 1 1
1 1 1 1 1 1 1 1 1 1
1 1 1 1 1 1 1 1 1 1
1 1 1 1 1 1 1 1 1 1
1 1 1 1 1 1 1 1 1 1
9 26 1
3 10 3 2 8 2 3 1 1 8
7 8 10 9 8 8 4 8 3 10
3 6 4 7 4 5 3 2 8 10
3 8 3 7 3 10 5 8 2 8
10 10 10 6 10 5 4 1 7 9
9 9 1 8 9 1 5 2 7 3
6 6 7 8 7 2 5 3 9 6
6 7 4 4 9 10 8 8 7 6
6 4 7 2 9 6 8 10 7 2
3 2 5 1 8 10 4 2 8 1
9 27 0
2 2 2 2 2 2 2 2 2 2
2 2 2 2 2 2 2 2 2 2
2 2 2 2 2 2 2 2 2 2
2 2 2 2 2 2 2 2 2 2
2 2 2 2 2 2 2 2 2 2
2 2 2 2 2 2 2 2 2 2
2 2 2 2 2 2 2 2 2 2
2 2 2 2 2 2 2 2 2 2
2 2 2 2 2 2 2 2 2 2
2 2 2 2 2 2 2 2 2 2
9 28 1
6 5 9 6 2 6 6 2 3 1
6 4 9 10 8 4 10 7 3 2
1 5 9 6 9 3 10 4 8 10
8 7 3 8 10 5 5 1 9 6
1 5 5 10 4 2 2 5 6 9
3 9 1 5 4 6 1 4 9 7
6 6 6 4 6 7 6 1 6 8
7 10 9 3 1 8 8 6 3 5
4 7 9 6 7 7 10 8 3 6
5 4 8 1 9 4 6 8 9 7
9 30 0
1 1 1 1 1 1 1 1 1 1
1 1 1 1 1 1 1 1 1 1
1 1 1 1 1 1 1 1 1 1
1 1 1 1 1 1 1 1 1 1
1 1 1 1 1 1 1 1 1 1
1 1 1 1 1 1 1 1 1 1
1 1 1 1 1 1 1 1 1 1
1 1 1 1 1 1 1 1 1 1
1 1 1 1 1 1 1 1 1 1
1 1 1 1 1 1 1 1 1 1
9 31 1
2 2 5 10 5 1 8 5 6 7
8 1 9 9 1 6 5 9 6 6
1 1 2 3 6 10 8 2 9 2
2 5 8 4 7 9 6 2 2 1
9 7 5 4 2 7 4 2 8 4
8 1 7 10 7 3 7 8 9 3
6 2 4 5 3 10 9 10 9 6
6 5 4 1 2 8 6 7 5 1
9 5 9 10 4 7 3 8 8 2
3 6 2 2 3 4 5 3 6 8
10 35 1
3 1 9 4 7 1 8 5 4 4
9 2 1 3 7 6 5 4 9 5
6 9 7 9 7 7 4 7 10 3
10 10 4 7 2 4 2 8 9 8
5 7 7 2 9 8 8 4 4 2
10 5 2 7 3 9 4 8 4 9
10 8 9 1 2 10 6 1 10 5
9 10 2 6 1 9 8 2 9 3
1 2 9 9 2 6 1 2 8 5
6 1 5 3 7 4 5 6 8 2
10 15 0
1 1 1 1 1 1 1 1 1 1
1 1 1 1 1 1 1 1 1 1
1 1 1 1 1 1 1 1 1 1
1 1 1 1 1 1 1 1 1 1
1 1 1 1 1 1 1 1 1 1
1 1 1 1 1 1 1 1 1 1
1 1 1 1 1 1 1 1 1 1
1 1 1 1 1 1 1 1 1 1
1 1 1 1 1 1 1 1 1 1
1 1 1 1 1 1 1 1 1 1
10 16 0
2 2 2 2 2 2 2 2 2 2
2 2 2 2 2 2 2 2 2 2
2 2 2 2 2 2 2 2 2 2
2 2 2 2 2 2 2 2 2 2
2 2 2 2 2 2 2 2 2 2
2 2 2 2 2 2 2 2 2 2
2 2 2 2 2 2 2 2 2 2
2 2 2 2 2 2 2 2 2 2
2 2 2 2 2 2 2 2 2 2
2 2 2 2 2 2 2 2 2 2
10 19 1
2 10 4 8 4 1 2 1 5 2
1 1 5 7 3 10 4 9 2 2
10 4 2 2 10 7 2 2 2 3
4 3 6 8 7 7 7 3 6 3
4 5 5 1 5 8 2 5 9 6
4 6 4 6 7 6 10 1 3 6
7 2 1 4 6 5 9 3 2 4
9 4 2 8 3 5 1 5 6 1
3 8 2 4 9 6 5 7 8 1
2 5 3 10 7 7 3 6 5 9
10 25 1
1 2 4 1 1 5 7 2 2 3
5 1 2 1 6 8 2 1 9 7
2 1 3 9 3 5 6 2 1 9
8 6 9 8 10 6 3 9 6 3
3 5 10 6 1 1 1 1 4 10
4 4 1 10 7 4 10 7 5 6
5 7 3 10 5 3 5 4 4 8
10 3 5 5 4 3 8 10 3 1
2 2 6 8 9 10 8 8 1 5
5 4 6 10 10 10 8 10 7 6
10 26 0
2 2 2 2 2 2 2 2 2 2
2 2 2 2 2 2 2 2 2 2
2 2 2 2 2 2 2 2 2 2
2 2 2 2 2 2 2 2 2 2
2 2 2 2 2 2 2 2 2 2
2 2 2 2 2 2 2 2 2 2
2 2 2 2 2 2 2 2 2 2
2 2 2 2 2 2 2 2 2 2
2 2 2 2 2 2 2 2 2 2
2 2 2 2 2 2 2 2 2 2
10 27 0
2 2 2 2 2 2 2 2 2 2
2 2 2 2 2 2 2 2 2 2
2 2 2 2 2 2 2 2 2 2
2 2 2 2 2 2 2 2 2 2
2 2 2 2 2 2 2 2 2 2
2 2 2 2 2 2 2 2 2 2
2 2 2 2 2 2 2 2 2 2
2 2 2 2 2 2 2 2 2 2
2 2 2 2 2 2 2 2 2 2
2 2 2 2 2 2 2 2 2 2
10 28 0
2 2 2 2 2 2 2 2 2 2
2 2 2 2 2 2 2 2 2 2
2 2 2 2 2 2 2 2 2 2
2 2 2 2 2 2 2 2 2 2
2 2 2 2 2 2 2 2 2 2
2 2 2 2 2 2 2 2 2 2
2 2 2 2 2 2 2 2 2 2
2 2 2 2 2 2 2 2 2 2
2 2 2 2 2 2 2 2 2 2
2 2 2 2 2 2 2 2 2 2
10 29 1
4 9 6 2 4 8 10 6 3 4
1 7 2 3 8 8 8 9 10 4
3 2 9 4 1 5 6 9 1 2
5 1 9 7 9 1 7 7 4 4
4 7 3 8 4 10 8 3 10 6
8 6 8 9 3 6 9 3 5 5
3 9 1 1 8 3 9 10 3 7
6 3 7 9 10 3 8 5 3 1
3 2 1 2 8 4 3 8 3 10
6 4 1 3 9 8 8 7 4 7
10 31 0
2 2 2 2 2 2 2 2 2 2
2 2 2 2 2 2 2 2 2 2
2 2 2 2 2 2 2 2 2 2
2 2 2 2 2 2 2 2 2 2
2 2 2 2 2 2 2 2 2 2
2 2 2 2 2 2 2 2 2 2
2 2 2 2 2 2 2 2 2 2
2 2 2 2 2 2 2 2 2 2
2 2 2 2 2 2 2 2 2 2
2 2 2 2 2 2 2 2 2 2
11 34 0
1 1 1 1 1 1 1 1 1 1
1 1 1 1 1 1 1 1 1 1
1 1 1 1 1 1 1 1 1 1
1 1 1 1 1 1 1 1 1 1
1 1 1 1 1 1 1 1 1 1
1 1 1 1 1 1 1 1 1 1
1 1 1 1 1 1 1 1 1 1
1 1 1 1 1 1 1 1 1 1
1 1 1 1 1 1 1 1 1 1
1 1 1 1 1 1 1 1 1 1
11 13 0
1 1 1 1 1 1 1 1 1 1
1 1 1 1 1 1 1 1 1 1
1 1 1 1 1 1 1 1 1 1
1 1 1 1 1 1 1 1 1 1
1 1 1 1 1 1 1 1 1 1
1 1 1 1 1 1 1 1 1 1
1 1 1 1 1 1 1 1 1 1
1 1 1 1 1 1 1 1 1 1
1 1 1 1 1 1 1 1 1 1
1 1 1 1 1 1 1 1 1 1
11 14 0
2 2 2 2 2 2 2 2 2 2
2 2 2 2 2 2 2 2 2 2
2 2 2 2 2 2 2 2 2 2
2 2 2 2 2 2 2 2 2 2
2 2 2 2 2 2 2 2 2 2
2 2 2 2 2 2 2 2 2 2
2 2 2 2 2 2 2 2 2 2
2 2 2 2 2 2 2 2 2 2
2 2 2 2 2 2 2 2 2 2
2 2 2 2 2 2 2 2 2 2
11 15 0
1 1 1 1 1 1 1 1 1 1
1 1 1 1 1 1 1 1 1 1
1 1 1 1 1 1 1 1 1 1
1 1 1 1 1 1 1 1 1 1
1 1 1 1 1 1 1 1 1 1
1 1 1 1 1 1 1 1 1 1
1 1 1 1 1 1 1 1 1 1
1 1 1 1 1 1 1 1 1 1
1 1 1 1 1 1 1 1 1 1
1 1 1 1 1 1 1 1 1 1
11 17 1
5 5 6 8 1 3 3 4 10 8
9 9 9 1 10 10 1 10 5 6
7 6 10 1 4 6 1 8 6 6
3 6 10 2 5 4 3 4 9 4
9 9 2 9 10 4 3 9 8 10
9 9 10 1 4 7 9 9 10 3
2 9 3 3 8 6 2 4 1 10
9 10 9 7 5 1 6 1 10 8
5 9 7 7 1 4 8 1 3 5
2 6 7 1 8 7 8 5 2 2
11 18 1
5 4 7 5 10 2 9 2 1 7
9 5 8 7 6 2 9 2 6 8
8 3 8 9 9 10 8 3 1 4
10 2 2 8 2 5 9 8 9 9
8 5 6 3 3 8 6 2 7 2
8 7 4 8 4 9 5 9 2 5
10 9 8 7 9 2 6 3 9 8
9 8 7 3 5 10 5 4 3 2
4 9 10 3 1 1 1 4 3 2
4 9 4 5 9 1 4 6 9 2
11 19 1
2 6 6 7 4 4 2 4 2 7
9 8 10 4 1 4 4 10 9 2
10 8 10 8 2 5 9 5 1 3
5 1 2 4 7 1 1 8 1 3
2 10 9 6 2 2 6 5 7 1
5 10 1 5 4 8 9 3 8 7
10 5 2 3 4 7 2 1 7 5
9 10 5 7 8 4 2 5 10 3
10 2 9 6 9 2 2 5 7 9
10 6 1 3 9 7 9 2 6 8
11 20 0
2 2 2 2 2 2 2 2 2 2
2 2 2 2 2 2 2 2 2 2
2 2 2 2 2 2 2 2 2 2
2 2 2 2 2 2 2 2 2 2
2 2 2 2 2 2 2 2 2 2
2 2 2 2 2 2 2 2 2 2
2 2 2 2 2 2 2 2 2 2
2 2 2 2 2 2 2 2 2 2
2 2 2 2 2 2 2 2 2 2
2 2 2 2 2 2 2 2 2 2
11 21 1
1 7 10 4 7 10 6 8 2 7
8 10 5 10 8 8 9 8 2 1
3 2 3 6 2 6 3 9 2 9
7 6 10 2 1 3 5 6 2 6
10 1 5 1 9 3 1 1 5 2
2 1 5 1 4 1 2 8 5 10
3 9 3 1 1 1 1 10 2 1
1 5 7 1 7 8 6 1 8 9
8 5 10 10 8 6 9 7 2 6
6 8 2 7 1 8 8 9 10 9
11 22 0
1 1 1 1 1 1 1 1 1 1
1 1 1 1 1 1 1 1 1 1
1 1 1 1 1 1 1 1 1 1
1 1 1 1 1 1 1 1 1 1
1 1 1 1 1 1 1 1 1 1
1 1 1 1 1 1 1 1 1 1
1 1 1 1 1 1 1 1 1 1
1 1 1 1 1 1 1 1 1 1
1 1 1 1 1 1 1 1 1 1
1 1 1 1 1 1 1 1 1 1
11 26 0
1 1 1 1 1 1 1 1 1 1
1 1 1 1 1 1 1 1 1 1
1 1 1 1 1 1 1 1 1 1
1 1 1 1 1 1 1 1 1 1
1 1 1 1 1 1 1 1 1 1
1 1 1 1 1 1 1 1 1 1
1 1 1 1 1 1 1 1 1 1
1 1 1 1 1 1 1 1 1 1
1 1 1 1 1 1 1 1 1 1
1 1 1 1 1 1 1 1 1 1
11 28 1
5 5 3 7 9 5 9 3 9 10
1 9 3 7 4 8 4 4 3 3
6 1 1 5 2 2 10 3 4 9
4 5 1 10 10 8 1 9 4 7
4 5 1 2 3 9 3 10 3 6
4 9 7 5 10 3 2 10 6 10
1 2 1 4 10 6 2 8 9 7
5 7 9 10 8 7 5 6 8 9
5 3 1 4 4 7 10 1 7 4
3 2 1 7 1 7 10 2 9 4
11 31 1
1 2 9 5 6 8 9 3 4 2
3 4 3 6 8 5 2 1 9 8
5 3 10 9 1 6 6 3 3 10
3 6 8 2 2 3 10 6 10 6
1 8 8 6 1 4 5 1 10 4
7 1 10 1 7 8 6 7 8 1
1 8 5 10 4 10 5 3 9 6
5 5 8 10 3 5 2 10 9 2
5 1 9 2 8 5 10 7 2 1
3 2 6 4 7 5 6 3 3 5
12 33 1
3 2 2 7 7 2 6 1 4 7
5 5 9 7 7 8 4 2 5 3
3 8 1 10 6 8 9 3 8 10
7 9 5 8 3 9 1 6 1 7
2 9 7 6 9 8 4 2 9 8
5 1 5 2 7 6 10 6 7 9
2 10 3 9 3 7 5 3 6 5
5 2 7 1 1 9 4 10 10 7
1 4 1 6 2 3 9 6 6 7
9 6 9 1 4 1 5 8 8 4
12 34 0
1 1 1 1 1 1 1 1 1 1
1 1 1 1 1 1 1 1 1 1
1 1 1 1 1 1 1 1 1 1
1 1 1 1 1 1 1 1 1 1
1 1 1 1 1 1 1 1 1 1
1 1 1 1 1 1 1 1 1 1
1 1 1 1 1 1 1 1 1 1
1 1 1 1 1 1 1 1 1 1
1 1 1 1 1 1 1 1 1 1
1 1 1 1 1 1 1 1 1 1
12 15 0
1 1 1 1 1 1 1 1 1 1
1 1 1 1 1 1 1 1 1 1
1 1 1 1 1 1 1 1 1 1
1 1 1 1 1 1 1 1 1 1
1 1 1 1 1 1 1 1 1 1
1 1 1 1 1 1 1 1 1 1
1 1 1 1 1 1 1 1 1 1
1 1 1 1 1 1 1 1 1 1
1 1 1 1 1 1 1 1 1 1
1 1 1 1 1 1 1 1 1 1
12 16 1
4 3 2 1 4 2 3 4 4 3
1 9 2 9 2 10 5 6 2 6
2 5 5 8 3 9 2 5 3 5
9 10 2 1 10 8 6 8 1 10
7 8 9 5 2 2 8 10 4 5
5 9 6 1 9 7 6 3 5 10
3 5 5 5 6 8 4 3 1 9
7 5 7 3 5 1 10 5 3 3
9 6 8 7 5 8 5 7 8 3
1 6 1 5 10 9 4 2 5 2
12 17 1
4 4 10 3 1 5 6 2 4 7
8 9 4 7 1 1 10 6 3 10
2 10 4 7 3 10 2 8 6 7
8 8 9 9 8 4 3 5 10 10
3 8 8 7 2 3 3 8 9 10
3 4 5 8 8 8 3 2 7 9
9 5 5 1 10 8 2 7 2 8
2 5 8 10 9 10 8 7 2 2
5 1 6 5 1 3 7 6 6 2
2 3 1 6 5 1 8 8 1 1
12 19 1
10 6 8 4 9 2 7 6 10 9
2 4 4 3 2 2 10 9 3 4
8 6 4 8 6 7 10 3 6 9
6 3 5 5 3 7 4 9 3 4
6 4 3 7 2 5 3 6 6 4
8 3 2 6 6 3 9 10 4 8
7 4 5 3 4 7 6 10 8 7
2 8 9 1 3 4 6 9 9 9
9 1 1 6 9 5 10 6 5 1
9 9 3 2 4 3 8 9 9 1
12 20 1
2 2 5 2 7 2 5 3 7 6
10 2 7 5 8 5 4 10 9 3
1 4 6 5 7 4 5 8 3 3
9 2 9 5 10 4 2 8 9 1
7 4 5 3 8 9 6 9 10 6
4 8 9 8 10 2 1 9 5 2
7 5 8 5 10 9 3 9 10 7
10 1 7 8 2 4 1 5 3 5
10 3 6 2 7 4 9 7 4 1
3 7 1 1 9 8 9 7 2 9
12 23 1
8 4 5 5 6 3 3 10 2 7
5 2 5 1 7 7 8 5 8 7
3 10 1 9 1 9 5 1 9 7
5 8 2 7 9 3 1 7 9 8
2 8 2 2 3 1 10 5 6 7
3 5 7 1 3 3 1 7 10 10
5 3 4 7 9 3 2 5 3 6
6 1 10 1 5 6 4 7 3 5
6 6 8 6 5 8 8 5 2 6
9 1 8 4 2 5 5 4 5 8
12 26 0
2 2 2 2 2 2 2 2 2 2
2 2 2 2 2 2 2 2 2 2
2 2 2 2 2 2 2 2 2 2
2 2 2 2 2 2 2 2 2 2
2 2 2 2 2 2 2 2 2 2
2 2 2 2 2 2 2 2 2 2
2 2 2 2 2 2 2 2 2 2
2 2 2 2 2 2 2 2 2 2
2 2 2 2 2 2 2 2 2 2
2 2 2 2 2 2 2 2 2 2
12 28 0
1 1 1 1 1 1 1 1 1 1
1 1 1 1 1 1 1 1 1 1
1 1 1 1 1 1 1 1 1 1
1 1 1 1 1 1 1 1 1 1
1 1 1 1 1 1 1 1 1 1
1 1 1 1 1 1 1 1 1 1
1 1 1 1 1 1 1 1 1 1
1 1 1 1 1 1 1 1 1 1
1 1 1 1 1 1 1 1 1 1
1 1 1 1 1 1 1 1 1 1
12 29 0
1 1 1 1 1 1 1 1 1 1
1 1 1 1 1 1 1 1 1 1
1 1 1 1 1 1 1 1 1 1
1 1 1 1 1 1 1 1 1 1
1 1 1 1 1 1 1 1 1 1
1 1 1 1 1 1 1 1 1 1
1 1 1 1 1 1 1 1 1 1
1 1 1 1 1 1 1 1 1 1
1 1 1 1 1 1 1 1 1 1
1 1 1 1 1 1 1 1 1 1
12 30 0
1 1 1 1 1 1 1 1 1 1
1 1 1 1 1 1 1 1 1 1
1 1 1 1 1 1 1 1 1 1
1 1 1 1 1 1 1 1 1 1
1 1 1 1 1 1 1 1 1 1
1 1 1 1 1 1 1 1 1 1
1 1 1 1 1 1 1 1 1 1
1 1 1 1 1 1 1 1 1 1
1 1 1 1 1 1 1 1 1 1
1 1 1 1 1 1 1 1 1 1
12 31 1
10 10 6 9 6 6 10 7 3 5
9 6 2 5 7 1 8 4 2 5
6 1 3 1 5 5 10 5 7 3
2 6 3 5 6 9 10 9 6 9
5 4 6 2 2 1 3 3 7 8
1 3 8 7 9 9 6 1 9 4
3 5 3 6 3 4 9 10 8 5
8 9 6 3 3 5 5 4 1 5
1 5 9 6 5 5 3 9 4 7
4 1 1 7 10 10 2 2 6 4
13 34 1
5 7 8 8 7 6 4 2 4 10
1 1 4 2 2 8 5 10 3 5
3 8 10 1 7 9 2 4 6 8
3 6 1 5 1 3 7 3 8 6
2 7 9 10 3 5 9 8 10 1
8 1 2 4 7 7 1 5 4 4
8 5 7 6 2 1 8 9 6 3
3 3 6 6 3 7 4 4 6 2
10 4 1 1 5 7 9 2 7 8
3 10 3 8 10 8 4 5 8 10
13 35 0
1 1 1 1 1 1 1 1 1 1
1 1 1 1 1 1 1 1 1 1
1 1 1 1 1 1 1 1 1 1
1 1 1 1 1 1 1 1 1 1
1 1 1 1 1 1 1 1 1 1
1 1 1 1 1 1 1 1 1 1
1 1 1 1 1 1 1 1 1 1
1 1 1 1 1 1 1 1 1 1
1 1 1 1 1 1 1 1 1 1
1 1 1 1 1 1 1 1 1 1
13 16 1
7 6 6 7 7 4 7 8 6 5
9 10 9 10 4 5 4 2 8 5
7 8 6 9 3 1 1 7 3 6
7 3 4 10 7 3 7 3 10 10
8 8 9 1 5 4 2 4 9 10
1 5 10 3 1 2 2 3 6 9
7 4 2 1 1 1 8 9 6 8
10 6 10 9 8 6 7 5 5 4
7 7 8 6 4 5 5 10 2 2
3 3 9 7 9 7 9 7 8 1
13 17 0
1 1 1 1 1 1 1 1 1 1
1 1 1 1 1 1 1 1 1 1
1 1 1 1 1 1 1 1 1 1
1 1 1 1 1 1 1 1 1 1
1 1 1 1 1 1 1 1 1 1
1 1 1 1 1 1 1 1 1 1
1 1 1 1 1 1 1 1 1 1
1 1 1 1 1 1 1 1 1 1
1 1 1 1 1 1 1 1 1 1
1 1 1 1 1 1 1 1 1 1
13 20 1
10 6 3 2 4 7 10 6 3 4
5 2 4 7 6 9 3 3 4 4
5 10 1 3 7 1 4 10 2 7
8 5 1 9 9 4 4 8 10 10
8 5 2 2 6 5 1 9 8 6
10 2 8 6 2 8 9 1 7 9
6 2 3 1 2 10 7 7 8 1
9 5 6 10 7 9 3 4 8 7
8 8 5 10 4 2 10 7 8 1
7 10 10 8 6 6 2 2 8 4
13 21 0
1 1 1 1 1 1 1 1 1 1
1 1 1 1 1 1 1 1 1 1
1 1 1 1 1 1 1 1 1 1
1 1 1 1 1 1 1 1 1 1
1 1 1 1 1 1 1 1 1 1
1 1 1 1 1 1 1 1 1 1
1 1 1 1 1 1 1 1 1 1
1 1 1 1 1 1 1 1 1 1
1 1 1 1 1 1 1 1 1 1
1 1 1 1 1 1 1 1 1 1
13 23 1
2 3 9 7 9 6 4 8 3 3
6 9 10 6 7 7 3 9 7 8
5 2 6 7 3 7 10 3 1 8
9 8 10 8 4 2 7 8 10 2
4 7 10 1 9 10 7 6 5 4
9 9 6 9 3 2 6 6 3 3
10 10 4 5 10 10 5 10 1 9
4 8 4 3 7 8 10 3 1 6
6 2 6 10 5 9 2 3 3 3
6 4 6 2 4 1 1 7 4 8
13 24 0
2 2 2 2 2 2 2 2 2 2
2 2 2 2 2 2 2 2 2 2
2 2 2 2 2 2 2 2 2 2
2 2 2 2 2 2 2 2 2 2
2 2 2 2 2 2 2 2 2 2
2 2 2 2 2 2 2 2 2 2
2 2 2 2 2 2 2 2 2 2
2 2 2 2 2 2 2 2 2 2
2 2 2 2 2 2 2 2 2 2
2 2 2 2 2 2 2 2 2 2
14 34 0
2 2 2 2 2 2 2 2 2 2
2 2 2 2 2 2 2 2 2 2
2 2 2 2 2 2 2 2 2 2
2 2 2 2 2 2 2 2 2 2
2 2 2 2 2 2 2 2 2 2
2 2 2 2 2 2 2 2 2 2
2 2 2 2 2 2 2 2 2 2
2 2 2 2 2 2 2 2 2 2
2 2 2 2 2 2 2 2 2 2
2 2 2 2 2 2 2 2 2 2
14 19 1
2 6 2 3 3 7 7 2 6 9
5 7 7 7 4 5 10 9 4 9
2 5 2 9 10 7 8 10 10 8
3 8 10 3 3 9 9 10 8 10
6 6 4 9 3 3 3 3 5 4
7 7 1 9 8 5 8 8 5 9
3 3 10 4 4 3 3 1 6 2
10 6 7 4 1 9 3 8 8 10
3 1 7 6 6 2 4 8 3 2
3 1 4 4 10 4 7 7 4 1
14 20 0
1 1 1 1 1 1 1 1 1 1
1 1 1 1 1 1 1 1 1 1
1 1 1 1 1 1 1 1 1 1
1 1 1 1 1 1 1 1 1 1
1 1 1 1 1 1 1 1 1 1
1 1 1 1 1 1 1 1 1 1
1 1 1 1 1 1 1 1 1 1
1 1 1 1 1 1 1 1 1 1
1 1 1 1 1 1 1 1 1 1
1 1 1 1 1 1 1 1 1 1
14 21 0
2 2 2 2 2 2 2 2 2 2
2 2 2 2 2 2 2 2 2 2
2 2 2 2 2 2 2 2 2 2
2 2 2 2 2 2 2 2 2 2
2 2 2 2 2 2 2 2 2 2
2 2 2 2 2 2 2 2 2 2
2 2 2 2 2 2 2 2 2 2
2 2 2 2 2 2 2 2 2 2
2 2 2 2 2 2 2 2 2 2
2 2 2 2 2 2 2 2 2 2
14 22 1
2 2 8 10 8 6 1 8 10 7
10 7 2 6 6 5 2 7 2 9
9 2 5 9 1 6 3 8 7 8
10 9 2 2 10 1 7 8 6 9
6 10 3 2 2 7 4 8 5 4
8 4 4 9 6 7 5 3 4 2
8 10 1 5 1 8 8 3 9 3
8 1 1 8 10 10 7 5 4 2
5 10 6 2 7 8 8 1 6 6
6 5 9 7 10 10 1 5 10 3
14 23 0
2 2 2 2 2 2 2 2 2 2
2 2 2 2 2 2 2 2 2 2
2 2 2 2 2 2 2 2 2 2
2 2 2 2 2 2 2 2 2 2
2 2 2 2 2 2 2 2 2 2
2 2 2 2 2 2 2 2 2 2
2 2 2 2 2 2 2 2 2 2
2 2 2 2 2 2 2 2 2 2
2 2 2 2 2 2 2 2 2 2
2 2 2 2 2 2 2 2 2 2
14 25 0
2 2 2 2 2 2 2 2 2 2
2 2 2 2 2 2 2 2 2 2
2 2 2 2 2 2 2 2 2 2
2 2 2 2 2 2 2 2 2 2
2 2 2 2 2 2 2 2 2 2
2 2 2 2 2 2 2 2 2 2
2 2 2 2 2 2 2 2 2 2
2 2 2 2 2 2 2 2 2 2
2 2 2 2 2 2 2 2 2 2
2 2 2 2 2 2 2 2 2 2
14 26 1
5 4 9 8 3 6 6 1 5 9
2 8 2 8 2 10 7 3 3 10
1 10 6 9 4 10 5 9 8 5
8 9 8 2 9 9 6 8 9 1
5 8 3 10 6 6 9 10 2 5
7 1 7 10 10 8 4 7 8 2
6 6 3 1 2 4 8 6 8 1
10 4 3 6 5 6 5 1 8 7
6 10 2 10 3 3 9 10 8 3
2 9 3 7 4 9 7 7 10 4
14 27 1
6 1 5 8 5 7 9 3 2 5
9 4 10 6 7 6 6 2 7 3
8 3 7 8 4 2 8 1 5 5
10 5 6 6 6 5 4 4 6 9
1 8 10 1 9 9 10 5 1 7
3 7 4 3 8 6 8 2 4 5
3 7 4 1 7 6 10 7 4 9
6 7 9 2 2 10 5 3 4 9
1 3 10 2 7 2 4 2 8 10
2 5 1 8 9 3 9 7 2 6
14 28 1
4 8 2 5 5 4 2 7 1 1
10 1 4 6 10 5 7 6 1 10
3 6 10 10 3 2 2 1 8 5
7 9 8 4 1 6 10 3 2 6
3 9 2 10 1 1 4 8 6 4
10 6 8 1 2 3 3 3 9 10
7 1 3 2 6 10 4 2 9 9
4 8 7 10 10 6 7 10 3 2
8 2 9 4 5 5 6 4 9 2
7 6 6 1 8 1 9 3 4 8
14 29 1
7 5 2 3 9 3 7 2 8 9
6 7 6 2 5 9 4 6 4 3
7 6 3 6 10 8 7 10 7 8
8 10 8 6 6 4 9 5 3 8
9 2 6 9 3 3 7 10 9 1
5 2 2 7 9 8 1 7 9 5
9 1 7 2 1 7 3 6 2 1
10 6 6 6 7 6 10 8 5 9
8 5 8 8 4 5 1 7 7 4
3 10 1 6 1 8 9 5 3 4
15 33 0
1 1 1 1 1 1 1 1 1 1
1 1 1 1 1 1 1 1 1 1
1 1 1 1 1 1 1 1 1 1
1 1 1 1 1 1 1 1 1 1
1 1 1 1 1 1 1 1 1 1
1 1 1 1 1 1 1 1 1 1
1 1 1 1 1 1 1 1 1 1
1 1 1 1 1 1 1 1 1 1
1 1 1 1 1 1 1 1 1 1
1 1 1 1 1 1 1 1 1 1
15 17 1
3 2 2 9 8 2 3 4 7 4
7 2 4 8 7 5 9 5 9 5
10 1 5 9 7 6 2 2 4 6
5 3 6 2 8 3 7 6 6 9
6 1 3 10 3 2 8 3 4 6
3 9 5 7 9 1 1 3 10 5
9 4 8 1 8 9 1 2 4 6
10 9 8 6 7 2 9 1 5 7
6 4 4 2 1 6 1 5 9 6
2 5 6 4 5 5 7 8 1 1
15 18 1
8 3 4 10 4 1 1 7 6 5
2 1 6 4 9 6 10 9 2 2
2 3 3 8 4 7 6 4 4 3
3 3 10 8 9 4 8 4 7 6
1 9 5 7 4 4 5 8 10 2
1 8 3 4 9 8 1 9 5 5
6 2 3 1 2 5 5 8 5 10
2 3 10 1 1 6 10 1 10 4
7 4 8 4 9 5 5 4 10 8
4 8 2 8 8 3 9 2 7 10
15 19 0
1 1 1 1 1 1 1 1 1 1
1 1 1 1 1 1 1 1 1 1
1 1 1 1 1 1 1 1 1 1
1 1 1 1 1 1 1 1 1 1
1 1 1 1 1 1 1 1 1 1
1 1 1 1 1 1 1 1 1 1
1 1 1 1 1 1 1 1 1 1
1 1 1 1 1 1 1 1 1 1
1 1 1 1 1 1 1 1 1 1
1 1 1 1 1 1 1 1 1 1
15 20 1
6 3 9 5 10 7 4 6 9 2
5 7 6 8 9 10 8 3 2 8
4 10 10 2 9 7 2 4 6 4
10 7 7 4 2 1 7 9 5 3
6 6 5 6 3 7 3 3 4 9
9 6 6 4 10 3 3 5 5 7
1 6 6 2 3 9 10 9 2 10
6 7 2 9 7 3 7 5 10 6
9 4 1 3 4 6 4 9 3 9
2 4 5 8 7 7 9 4 3 5
15 22 0
2 2 2 2 2 2 2 2 2 2
2 2 2 2 2 2 2 2 2 2
2 2 2 2 2 2 2 2 2 2
2 2 2 2 2 2 2 2 2 2
2 2 2 2 2 2 2 2 2 2
2 2 2 2 2 2 2 2 2 2
2 2 2 2 2 2 2 2 2 2
2 2 2 2 2 2 2 2 2 2
2 2 2 2 2 2 2 2 2 2
2 2 2 2 2 2 2 2 2 2
15 23 1
7 3 6 5 3 9 5 4 4 2
3 7 6 2 1 6 3 3 2 2
4 9 9 2 4 2 9 5 8 9
8 6 5 4 9 8 2 7 9 6
3 4 5 10 8 5 3 6 2 10
1 2 8 10 7 8 5 7 3 8
7 2 9 1 2 10 3 5 4 8
10 6 1 4 9 7 10 5 8 8
9 5 7 6 1 10 5 3 4 10
3 10 4 10 2 2 2 9 6 8
15 24 1
10 1 7 8 6 9 9 3 7 5
4 5 4 3 2 9 6 1 2 2
8 5 7 3 1 5 5 4 1 2
8 10 8 8 8 4 10 2 3 6
8 7 1 4 2 5 9 7 7 10
2 7 4 9 5 4 2 5 8 7
8 2 1 10 3 5 4 8 8 4
2 9 1 10 2 6 6 2 5 3
9 1 5 6 3 7 8 6 5 1
7 4 8 3 9 10 1 7 9 5
15 25 1
4 7 4 10 4 2 9 5 10 8
8 7 9 9 9 10 8 8 2 6
4 7 2 8 3 3 9 7 10 10
2 6 6 4 10 7 6 6 5 7
4 10 9 7 1 7 8 10 1 10
1 9 4 8 3 8 9 8 8 9
5 6 10 8 3 6 10 9 1 5
2 10 2 2 9 1 2 6 2 4
4 1 3 6 5 3 1 5 4 9
4 7 8 6 3 3 9 6 6 4
15 27 1
10 7 10 2 6 2 9 4 7 5
3 10 6 3 2 10 10 3 5 5
7 6 6 8 4 3 10 4 10 7
3 2 4 9 8 6 4 5 2 10
9 7 9 10 5 8 1 7 9 8
5 10 7 1 5 3 1 2 2 5
9 7 2 1 2 5 2 9 1 2
4 7 5 1 3 5 7 7 5 6
4 8 9 8 7 1 1 2 1 1
8 9 2 2 1 4 3 8 9 2
15 29 1
3 9 6 5 4 1 4 1 2 10
7 8 8 4 2 1 8 6 8 1
1 7 9 8 3 3 10 7 6 2
6 2 4 8 3 6 10 6 4 2
9 10 2 7 6 5 8 6 2 4
4 6 4 8 8 7 7 9 1 2
2 7 8 3 4 1 9 4 1 2
8 1 4 2 7 6 2 1 3 10
3 4 3 7 4 8 9 5 5 10
1 9 6 3 7 1 4 7 7 5
16 33 1
2 9 4 2 2 10 7 6 10 2
1 8 8 5 3 5 8 8 5 9
2 7 5 3 1 3 3 5 5 8
1 10 7 2 5 9 2 9 8 7
10 3 7 8 3 9 3 9 6 3
3 9 3 8 9 2 10 5 7 2
5 8 7 8 3 10 6 7 5 9
3 2 7 6 2 7 6 7 4 1
4 7 6 10 8 8 10 1 4 8
5 2 1 4 5 1 6 10 7 3
16 19 1
6 6 8 5 7 10 5 2 3 7
5 4 6 10 9 10 10 8 8 7
6 1 2 8 5 10 5 10 7 1
1 1 6 2 7 8 4 4 4 4
9 3 3 3 7 3 1 5 9 6
7 7 7 1 1 5 4 6 6 7
5 5 1 2 1 5 10 3 8 4
8 3 5 3 8 3 9 9 7 7
4 1 4 5 4 2 6 5 8 3
7 4 1 4 7 10 7 9 9 6
16 20 1
6 5 3 8 1 9 4 4 7 3
4 1 3 6 7 6 1 5 10 3
2 1 4 9 8 9 9 7 4 9
9 10 4 7 4 8 3 3 3 10
9 2 2 5 6 7 5 6 8 2
5 9 8 8 2 4 8 6 9 10
4 5 9 5 10 7 6 4 7 4
10 9 10 4 3 9 5 5 10 4
8 8 7 8 2 10 5 7 9 6
2 5 8 6 6 4 7 9 5 8
16 21 0
2 2 2 2 2 2 2 2 2 2
2 2 2 2 2 2 2 2 2 2
2 2 2 2 2 2 2 2 2 2
2 2 2 2 2 2 2 2 2 2
2 2 2 2 2 2 2 2 2 2
2 2 2 2 2 2 2 2 2 2
2 2 2 2 2 2 2 2 2 2
2 2 2 2 2 2 2 2 2 2
2 2 2 2 2 2 2 2 2 2
2 2 2 2 2 2 2 2 2 2
16 22 0
2 2 2 2 2 2 2 2 2 2
2 2 2 2 2 2 2 2 2 2
2 2 2 2 2 2 2 2 2 2
2 2 2 2 2 2 2 2 2 2
2 2 2 2 2 2 2 2 2 2
2 2 2 2 2 2 2 2 2 2
2 2 2 2 2 2 2 2 2 2
2 2 2 2 2 2 2 2 2 2
2 2 2 2 2 2 2 2 2 2
2 2 2 2 2 2 2 2 2 2
16 24 1
3 4 10 1 4 3 4 6 5 2
6 3 8 4 3 8 1 10 7 9
3 5 7 8 6 1 8 5 2 2
8 9 10 7 1 1 8 1 6 10
10 5 9 1 1 7 3 5 7 10
7 2 4 9 3 6 10 4 8 10
8 1 7 7 1 3 10 1 2 5
10 3 1 1 10 2 9 10 4 10
5 9 4 3 9 4 10 9 9 8
10 5 4 10 4 8 4 8 6 9
16 25 1
10 6 1 1 7 2 6 3 5 3
8 8 10 5 1 8 5 9 3 4
5 7 7 6 7 6 6 8 10 5
8 4 2 3 1 5 2 8 10 4
8 8 10 1 6 7 2 7 10 4
6 3 9 10 7 8 6 3 8 8
7 10 5 4 5 4 2 9 2 1
2 10 2 1 9 4 4 10 3 2
8 5 10 1 10 8 4 3 3 2
10 10 3 10 2 8 3 10 4 3
16 27 1
10 5 3 7 8 8 7 6 8 1
4 8 10 9 1 10 1 5 5 1
9 1 5 7 10 7 5 9 9 7
9 3 4 1 7 5 9 8 9 8
5 1 6 6 6 7 4 2 7 9
4 3 6 4 2 10 7 9 4 9
3 4 5 5 4 10 9 10 3 10
1 9 5 10 2 3 10 7 10 1
1 9 8 1 8 2 5 9 4 4
8 1 2 3 5 6 6 3 2 5
16 28 1
5 3 1 8 10 6 6 7 7 10
2 1 4 6 10 8 4 4 4 8
1 5 4 8 3 3 4 5 4 2
7 9 8 10 2 3 7 1 5 7
2 10 1 10 1 5 6 8 9 5
9 6 9 8 10 10 3 4 8 4
2 1 10 3 1 1 2 1 5 1
1 10 6 4 10 3 7 7 2 3
8 8 10 6 4 10 2 5 10 4
10 3 5 6 6 3 3 2 3 8
16 29 1
10 4 8 2 4 4 4 1 1 3
6 10 7 10 4 8 1 4 2 9
10 10 9 4 7 3 8 5 8 5
8 3 6 10 1 4 2 1 3 9
2 7 4 8 8 1 4 6 1 9
6 9 4 3 5 4 9 2 6 4
9 9 2 10 4 6 8 10 7 2
6 9 4 2 2 5 1 1 4 9
6 1 2 9 8 10 1 8 5 4
7 7 4 9 4 5 6 7 2 7
16 32 0
1 1 1 1 1 1 1 1 1 1
1 1 1 1 1 1 1 1 1 1
1 1 1 1 1 1 1 1 1 1
1 1 1 1 1 1 1 1 1 1
1 1 1 1 1 1 1 1 1 1
1 1 1 1 1 1 1 1 1 1
1 1 1 1 1 1 1 1 1 1
1 1 1 1 1 1 1 1 1 1
1 1 1 1 1 1 1 1 1 1
1 1 1 1 1 1 1 1 1 1
17 34 1
3 3 8 2 5 10 3 1 10 7
6 6 5 10 6 2 1 5 1 3
10 6 6 6 5 1 8 7 5 8
7 1 7 7 1 9 3 2 10 9
8 10 6 10 7 5 8 3 7 2
7 8 1 8 10 9 5 5 3 8
8 7 5 1 6 2 2 2 7 5
2 1 8 4 1 6 3 3 7 1
9 8 7 2 7 8 1 1 1 6
3 1 8 3 1 2 10 1 1 7
17 35 1
8 7 9 5 8 3 1 5 9 7
5 1 1 6 9 2 5 8 6 5
2 10 9 9 4 9 5 2 10 4
4 6 1 5 7 5 5 2 8 9
4 3 4 4 9 8 10 2 10 5
1 9 3 4 6 7 3 7 4 4
1 8 4 5 1 7 9 6 4 10
5 7 9 8 6 2 6 5 3 3
3 4 1 5 7 10 5 3 6 9
1 1 3 8 5 9 1 5 3 10
17 21 0
2 2 2 2 2 2 2 2 2 2
2 2 2 2 2 2 2 2 2 2
2 2 2 2 2 2 2 2 2 2
2 2 2 2 2 2 2 2 2 2
2 2 2 2 2 2 2 2 2 2
2 2 2 2 2 2 2 2 2 2
2 2 2 2 2 2 2 2 2 2
2 2 2 2 2 2 2 2 2 2
2 2 2 2 2 2 2 2 2 2
2 2 2 2 2 2 2 2 2 2
17 22 1
7 6 8 2 4 3 5 8 10 10
3 3 8 3 10 8 2 9 9 9
4 7 2 4 5 7 1 2 8 5
1 9 5 6 2 6 8 6 5 3
2 4 7 2 4 3 8 2 2 9
5 4 2 2 8 8 8 5 3 9
7 7 9 1 6 5 3 2 2 2
9 3 4 2 9 10 4 10 5 3
7 3 3 8 2 7 7 2 10 5
9 4 4 8 7 5 7 4 1 3
17 23 1
4 8 10 8 8 3 7 1 8 6
7 4 4 9 8 5 8 10 6 5
6 4 8 6 6 5 3 6 5 1
7 5 6 10 4 2 6 9 3 8
10 6 3 4 3 4 3 8 10 2
5 2 4 4 1 5 2 5 3 8
2 1 1 7 10 8 3 9 2 1
10 1 7 6 7 1 6 10 5 9
3 8 1 9 10 1 2 10 8 10
1 10 4 10 6 3 8 2 4 3
17 25 0
2 2 2 2 2 2 2 2 2 2
2 2 2 2 2 2 2 2 2 2
2 2 2 2 2 2 2 2 2 2
2 2 2 2 2 2 2 2 2 2
2 2 2 2 2 2 2 2 2 2
2 2 2 2 2 2 2 2 2 2
2 2 2 2 2 2 2 2 2 2
2 2 2 2 2 2 2 2 2 2
2 2 2 2 2 2 2 2 2 2
2 2 2 2 2 2 2 2 2 2
17 26 1
5 9 5 5 5 5 1 8 4 3
10 6 6 2 4 1 5 2 3 7
2 9 1 3 7 6 2 4 10 9
2 7 2 1 3 4 9 7 3 10
10 8 1 6 5 5 8 5 3 10
8 2 1 8 4 3 2 1 8 1
9 8 10 9 3 1 3 9 4 3
5 3 10 8 3 9 8 5 4 1
6 4 3 9 7 6 9 10 8 8
4 7 1 4 1 6 1 8 2 4
17 29 1
3 5 3 9 6 6 5 8 5 3
5 6 1 9 9 10 8 7 8 4
8 6 1 3 8 5 2 8 6 7
3 8 10 9 3 8 4 2 8 6
4 2 1 7 1 2 10 8 2 1
10 2 3 9 4 5 6 4 2 2
2 6 8 6 4 5 7 3 3 8
4 7 7 5 5 10 9 2 6 7
5 10 8 9 4 6 3 2 1 7
10 8 1 9 3 3 1 2 9 2
17 31 0
1 1 1 1 1 1 1 1 1 1
1 1 1 1 1 1 1 1 1 1
1 1 1 1 1 1 1 1 1 1
1 1 1 1 1 1 1 1 1 1
1 1 1 1 1 1 1 1 1 1
1 1 1 1 1 1 1 1 1 1
1 1 1 1 1 1 1 1 1 1
1 1 1 1 1 1 1 1 1 1
1 1 1 1 1 1 1 1 1 1
1 1 1 1 1 1 1 1 1 1
17 32 1
8 9 10 2 1 8 10 10 8 3
3 1 9 6 2 7 6 8 8 7
1 3 7 9 3 4 2 6 10 10
5 1 5 7 5 2 3 2 10 7
2 10 2 2 6 6 3 1 7 1
6 10 7 3 3 4 9 3 5 8
3 8 3 10 5 9 6 7 8 5
9 8 10 1 10 3 5 2 6 9
8 2 9 4 6 2 2 7 7 5
3 10 7 10 4 9 7 7 6 1
18 33 0
2 2 2 2 2 2 2 2 2 2
2 2 2 2 2 2 2 2 2 2
2 2 2 2 2 2 2 2 2 2
2 2 2 2 2 2 2 2 2 2
2 2 2 2 2 2 2 2 2 2
2 2 2 2 2 2 2 2 2 2
2 2 2 2 2 2 2 2 2 2
2 2 2 2 2 2 2 2 2 2
2 2 2 2 2 2 2 2 2 2
2 2 2 2 2 2 2 2 2 2
18 35 0
1 1 1 1 1 1 1 1 1 1
1 1 1 1 1 1 1 1 1 1
1 1 1 1 1 1 1 1 1 1
1 1 1 1 1 1 1 1 1 1
1 1 1 1 1 1 1 1 1 1
1 1 1 1 1 1 1 1 1 1
1 1 1 1 1 1 1 1 1 1
1 1 1 1 1 1 1 1 1 1
1 1 1 1 1 1 1 1 1 1
1 1 1 1 1 1 1 1 1 1
18 34 1
2 9 9 7 7 4 4 6 2 4
5 4 2 5 3 3 6 5 4 6
2 3 1 10 1 7 2 8 5 1
6 3 5 9 1 3 10 2 9 2
2 9 1 9 2 5 2 4 6 7
6 4 9 10 10 9 10 4 6 6
2 9 8 9 2 1 2 10 3 9
6 7 6 7 6 1 10 7 4 4
8 1 8 3 5 10 4 6 3 5
5 2 7 1 7 3 5 9 7 7
18 20 1
9 5 2 1 1 3 1 3 5 8
2 6 4 6 5 4 1 3 9 5
7 7 8 9 5 7 3 10 9 6
8 1 3 7 3 5 9 4 3 2
5 9 10 5 4 7 3 10 4 10
8 4 7 9 1 5 7 2 4 5
1 4 8 8 3 8 9 3 2 6
8 10 9 1 10 5 1 4 7 5
4 2 2 8 2 6 5 8 4 5
2 7 5 2 2 1 3 1 3 4
18 21 1
9 3 3 3 1 8 8 8 10 1
9 5 10 6 6 1 7 1 9 1
6 6 6 6 8 2 4 1 1 1
4 8 1 4 9 3 2 6 3 2
4 2 6 4 9 8 4 8 7 9
4 2 8 7 3 8 10 9 1 3
4 2 6 1 3 1 1 9 9 3
1 9 4 8 2 10 1 4 4 9
5 7 4 3 8 10 3 4 6 8
2 5 5 8 5 2 10 10 3 9
18 22 0
2 2 2 2 2 2 2 2 2 2
2 2 2 2 2 2 2 2 2 2
2 2 2 2 2 2 2 2 2 2
2 2 2 2 2 2 2 2 2 2
2 2 2 2 2 2 2 2 2 2
2 2 2 2 2 2 2 2 2 2
2 2 2 2 2 2 2 2 2 2
2 2 2 2 2 2 2 2 2 2
2 2 2 2 2 2 2 2 2 2
2 2 2 2 2 2 2 2 2 2
18 25 0
1 1 1 1 1 1 1 1 1 1
1 1 1 1 1 1 1 1 1 1
1 1 1 1 1 1 1 1 1 1
1 1 1 1 1 1 1 1 1 1
1 1 1 1 1 1 1 1 1 1
1 1 1 1 1 1 1 1 1 1
1 1 1 1 1 1 1 1 1 1
1 1 1 1 1 1 1 1 1 1
1 1 1 1 1 1 1 1 1 1
1 1 1 1 1 1 1 1 1 1
18 31 0
2 2 2 2 2 2 2 2 2 2
2 2 2 2 2 2 2 2 2 2
2 2 2 2 2 2 2 2 2 2
2 2 2 2 2 2 2 2 2 2
2 2 2 2 2 2 2 2 2 2
2 2 2 2 2 2 2 2 2 2
2 2 2 2 2 2 2 2 2 2
2 2 2 2 2 2 2 2 2 2
2 2 2 2 2 2 2 2 2 2
2 2 2 2 2 2 2 2 2 2
18 32 0
2 2 2 2 2 2 2 2 2 2
2 2 2 2 2 2 2 2 2 2
2 2 2 2 2 2 2 2 2 2
2 2 2 2 2 2 2 2 2 2
2 2 2 2 2 2 2 2 2 2
2 2 2 2 2 2 2 2 2 2
2 2 2 2 2 2 2 2 2 2
2 2 2 2 2 2 2 2 2 2
2 2 2 2 2 2 2 2 2 2
2 2 2 2 2 2 2 2 2 2
19 21 1
5 10 5 6 5 2 2 5 8 8
3 9 2 2 5 3 5 3 9 9
7 8 1 7 10 4 5 10 10 9
8 3 3 3 9 1 9 2 7 6
10 7 7 1 5 5 9 10 10 4
10 9 1 9 6 1 6 3 1 9
5 4 3 8 6 10 1 1 2 4
1 10 2 4 2 3 8 3 8 2
3 1 6 2 3 8 7 1 4 7
2 2 8 10 4 8 1 7 2 8
19 23 1
10 8 7 4 1 1 8 2 2 10
2 9 10 5 7 3 1 1 7 4
5 2 10 9 8 4 3 7 5 6
2 4 5 2 3 5 4 8 9 5
7 10 1 2 9 2 10 5 6 6
10 5 10 5 1 2 9 1 10 9
10 7 1 6 1 8 8 6 2 4
3 4 8 4 8 3 8 5 10 5
4 7 7 10 5 1 2 10 9 3
4 6 3 10 1 1 10 5 7 8
19 29 1
2 10 4 1 7 2 8 9 6 1
5 6 9 6 8 2 8 7 7 5
3 10 1 1 6 3 3 6 10 9
4 1 5 3 8 3 5 3 9 10
10 5 1 9 1 1 2 1 3 5
2 5 9 7 8 6 1 9 10 8
2 4 1 1 9 10 10 1 6 2
6 4 1 3 5 3 8 2 8 2
2 8 1 3 10 3 4 4 5 3
2 7 7 2 6 4 8 4 3 4
19 31 0
2 2 2 2 2 2 2 2 2 2
2 2 2 2 2 2 2 2 2 2
2 2 2 2 2 2 2 2 2 2
2 2 2 2 2 2 2 2 2 2
2 2 2 2 2 2 2 2 2 2
2 2 2 2 2 2 2 2 2 2
2 2 2 2 2 2 2 2 2 2
2 2 2 2 2 2 2 2 2 2
2 2 2 2 2 2 2 2 2 2
2 2 2 2 2 2 2 2 2 2
19 32 0
1 1 1 1 1 1 1 1 1 1
1 1 1 1 1 1 1 1 1 1
1 1 1 1 1 1 1 1 1 1
1 1 1 1 1 1 1 1 1 1
1 1 1 1 1 1 1 1 1 1
1 1 1 1 1 1 1 1 1 1
1 1 1 1 1 1 1 1 1 1
1 1 1 1 1 1 1 1 1 1
1 1 1 1 1 1 1 1 1 1
1 1 1 1 1 1 1 1 1 1
20 24 0
1 1 1 1 1 1 1 1 1 1
1 1 1 1 1 1 1 1 1 1
1 1 1 1 1 1 1 1 1 1
1 1 1 1 1 1 1 1 1 1
1 1 1 1 1 1 1 1 1 1
1 1 1 1 1 1 1 1 1 1
1 1 1 1 1 1 1 1 1 1
1 1 1 1 1 1 1 1 1 1
1 1 1 1 1 1 1 1 1 1
1 1 1 1 1 1 1 1 1 1
20 25 1
6 10 3 9 7 8 9 10 1 2
6 6 6 4 7 6 10 1 7 1
9 7 10 5 7 9 7 8 10 6
2 5 2 1 7 1 10 2 6 9
1 9 2 2 6 4 1 1 10 9
6 7 7 2 7 6 1 3 8 8
1 1 6 8 7 3 6 2 6 5
1 4 10 4 7 5 7 4 6 5
5 1 5 9 9 1 10 9 7 3
1 6 10 4 5 2 4 2 4 4
20 26 0
2 2 2 2 2 2 2 2 2 2
2 2 2 2 2 2 2 2 2 2
2 2 2 2 2 2 2 2 2 2
2 2 2 2 2 2 2 2 2 2
2 2 2 2 2 2 2 2 2 2
2 2 2 2 2 2 2 2 2 2
2 2 2 2 2 2 2 2 2 2
2 2 2 2 2 2 2 2 2 2
2 2 2 2 2 2 2 2 2 2
2 2 2 2 2 2 2 2 2 2
20 31 1
10 6 8 10 6 8 9 6 7 6
9 10 3 1 9 1 1 5 8 3
10 9 7 5 8 7 4 8 9 2
4 8 5 3 1 4 9 5 6 4
9 8 5 4 3 8 2 9 6 6
1 3 3 2 3 4 4 10 3 8
6 5 5 2 3 7 2 6 3 7
9 2 10 6 7 3 2 8 5 5
3 9 1 6 5 4 6 10 2 6
1 2 1 9 3 8 9 5 8 4
21 33 1
3 9 1 7 3 4 8 1 1 1
5 3 1 6 10 1 8 9 3 1
7 5 4 10 4 3 3 10 8 6
9 10 3 9 3 2 6 2 4 2
8 9 10 6 6 7 2 8 10 1
8 7 4 6 8 3 4 1 4 8
6 8 4 8 1 7 5 4 4 1
1 3 2 1 6 3 5 10 3 1
7 8 5 7 6 8 1 4 8 5
1 1 8 4 4 9 4 3 2 7
21 34 1
8 2 7 1 3 5 9 7 8 5
4 6 6 10 3 3 3 1 2 5
6 5 5 5 3 7 7 1 5 9
8 8 2 7 4 3 4 2 8 3
1 5 4 9 8 8 7 1 10 3
6 1 7 2 9 9 6 10 2 7
7 5 10 7 3 5 7 10 6 10
8 1 9 5 8 1 3 2 5 3
9 1 10 6 1 2 3 7 2 6
3 7 6 2 5 1 10 4 8 8
21 22 0
2 2 2 2 2 2 2 2 2 2
2 2 2 2 2 2 2 2 2 2
2 2 2 2 2 2 2 2 2 2
2 2 2 2 2 2 2 2 2 2
2 2 2 2 2 2 2 2 2 2
2 2 2 2 2 2 2 2 2 2
2 2 2 2 2 2 2 2 2 2
2 2 2 2 2 2 2 2 2 2
2 2 2 2 2 2 2 2 2 2
2 2 2 2 2 2 2 2 2 2
21 24 0
2 2 2 2 2 2 2 2 2 2
2 2 2 2 2 2 2 2 2 2
2 2 2 2 2 2 2 2 2 2
2 2 2 2 2 2 2 2 2 2
2 2 2 2 2 2 2 2 2 2
2 2 2 2 2 2 2 2 2 2
2 2 2 2 2 2 2 2 2 2
2 2 2 2 2 2 2 2 2 2
2 2 2 2 2 2 2 2 2 2
2 2 2 2 2 2 2 2 2 2
21 30 0
1 1 1 1 1 1 1 1 1 1
1 1 1 1 1 1 1 1 1 1
1 1 1 1 1 1 1 1 1 1
1 1 1 1 1 1 1 1 1 1
1 1 1 1 1 1 1 1 1 1
1 1 1 1 1 1 1 1 1 1
1 1 1 1 1 1 1 1 1 1
1 1 1 1 1 1 1 1 1 1
1 1 1 1 1 1 1 1 1 1
1 1 1 1 1 1 1 1 1 1
21 32 0
2 2 2 2 2 2 2 2 2 2
2 2 2 2 2 2 2 2 2 2
2 2 2 2 2 2 2 2 2 2
2 2 2 2 2 2 2 2 2 2
2 2 2 2 2 2 2 2 2 2
2 2 2 2 2 2 2 2 2 2
2 2 2 2 2 2 2 2 2 2
2 2 2 2 2 2 2 2 2 2
2 2 2 2 2 2 2 2 2 2
2 2 2 2 2 2 2 2 2 2
22 34 1
2 3 9 4 5 7 6 5 1 7
2 2 8 6 7 3 6 3 2 8
6 7 10 5 9 7 4 9 10 10
5 3 3 4 3 6 1 10 6 2
9 1 5 8 4 8 3 7 7 6
9 10 4 8 5 3 9 1 3 4
8 5 7 5 3 1 9 7 8 2
9 3 4 3 2 6 6 7 3 1
1 2 2 5 3 2 9 2 8 3
3 3 1 3 2 1 5 3 10 10
22 23 0
1 1 1 1 1 1 1 1 1 1
1 1 1 1 1 1 1 1 1 1
1 1 1 1 1 1 1 1 1 1
1 1 1 1 1 1 1 1 1 1
1 1 1 1 1 1 1 1 1 1
1 1 1 1 1 1 1 1 1 1
1 1 1 1 1 1 1 1 1 1
1 1 1 1 1 1 1 1 1 1
1 1 1 1 1 1 1 1 1 1
1 1 1 1 1 1 1 1 1 1
22 25 0
1 1 1 1 1 1 1 1 1 1
1 1 1 1 1 1 1 1 1 1
1 1 1 1 1 1 1 1 1 1
1 1 1 1 1 1 1 1 1 1
1 1 1 1 1 1 1 1 1 1
1 1 1 1 1 1 1 1 1 1
1 1 1 1 1 1 1 1 1 1
1 1 1 1 1 1 1 1 1 1
1 1 1 1 1 1 1 1 1 1
1 1 1 1 1 1 1 1 1 1
22 28 0
1 1 1 1 1 1 1 1 1 1
1 1 1 1 1 1 1 1 1 1
1 1 1 1 1 1 1 1 1 1
1 1 1 1 1 1 1 1 1 1
1 1 1 1 1 1 1 1 1 1
1 1 1 1 1 1 1 1 1 1
1 1 1 1 1 1 1 1 1 1
1 1 1 1 1 1 1 1 1 1
1 1 1 1 1 1 1 1 1 1
1 1 1 1 1 1 1 1 1 1
23 35 0
2 2 2 2 2 2 2 2 2 2
2 2 2 2 2 2 2 2 2 2
2 2 2 2 2 2 2 2 2 2
2 2 2 2 2 2 2 2 2 2
2 2 2 2 2 2 2 2 2 2
2 2 2 2 2 2 2 2 2 2
2 2 2 2 2 2 2 2 2 2
2 2 2 2 2 2 2 2 2 2
2 2 2 2 2 2 2 2 2 2
2 2 2 2 2 2 2 2 2 2
23 25 0
1 1 1 1 1 1 1 1 1 1
1 1 1 1 1 1 1 1 1 1
1 1 1 1 1 1 1 1 1 1
1 1 1 1 1 1 1 1 1 1
1 1 1 1 1 1 1 1 1 1
1 1 1 1 1 1 1 1 1 1
1 1 1 1 1 1 1 1 1 1
1 1 1 1 1 1 1 1 1 1
1 1 1 1 1 1 1 1 1 1
1 1 1 1 1 1 1 1 1 1
23 27 1
7 1 3 6 10 2 7 3 3 7
2 5 8 1 10 2 3 1 9 9
10 6 4 2 2 8 3 4 1 1
2 5 10 1 5 10 10 3 3 6
2 7 10 4 4 7 9 10 5 3
1 3 5 3 1 6 4 9 3 7
4 10 6 10 5 9 2 9 10 3
7 3 3 7 10 10 2 2 3 3
5 4 8 8 4 4 2 8 8 2
5 2 7 1 4 5 1 1 3 7
23 28 0
1 1 1 1 1 1 1 1 1 1
1 1 1 1 1 1 1 1 1 1
1 1 1 1 1 1 1 1 1 1
1 1 1 1 1 1 1 1 1 1
1 1 1 1 1 1 1 1 1 1
1 1 1 1 1 1 1 1 1 1
1 1 1 1 1 1 1 1 1 1
1 1 1 1 1 1 1 1 1 1
1 1 1 1 1 1 1 1 1 1
1 1 1 1 1 1 1 1 1 1
23 30 0
1 1 1 1 1 1 1 1 1 1
1 1 1 1 1 1 1 1 1 1
1 1 1 1 1 1 1 1 1 1
1 1 1 1 1 1 1 1 1 1
1 1 1 1 1 1 1 1 1 1
1 1 1 1 1 1 1 1 1 1
1 1 1 1 1 1 1 1 1 1
1 1 1 1 1 1 1 1 1 1
1 1 1 1 1 1 1 1 1 1
1 1 1 1 1 1 1 1 1 1
23 31 0
1 1 1 1 1 1 1 1 1 1
1 1 1 1 1 1 1 1 1 1
1 1 1 1 1 1 1 1 1 1
1 1 1 1 1 1 1 1 1 1
1 1 1 1 1 1 1 1 1 1
1 1 1 1 1 1 1 1 1 1
1 1 1 1 1 1 1 1 1 1
1 1 1 1 1 1 1 1 1 1
1 1 1 1 1 1 1 1 1 1
1 1 1 1 1 1 1 1 1 1
23 32 0
2 2 2 2 2 2 2 2 2 2
2 2 2 2 2 2 2 2 2 2
2 2 2 2 2 2 2 2 2 2
2 2 2 2 2 2 2 2 2 2
2 2 2 2 2 2 2 2 2 2
2 2 2 2 2 2 2 2 2 2
2 2 2 2 2 2 2 2 2 2
2 2 2 2 2 2 2 2 2 2
2 2 2 2 2 2 2 2 2 2
2 2 2 2 2 2 2 2 2 2
24 34 0
2 2 2 2 2 2 2 2 2 2
2 2 2 2 2 2 2 2 2 2
2 2 2 2 2 2 2 2 2 2
2 2 2 2 2 2 2 2 2 2
2 2 2 2 2 2 2 2 2 2
2 2 2 2 2 2 2 2 2 2
2 2 2 2 2 2 2 2 2 2
2 2 2 2 2 2 2 2 2 2
2 2 2 2 2 2 2 2 2 2
2 2 2 2 2 2 2 2 2 2
24 25 1
3 4 5 5 9 7 9 8 6 3
4 4 8 3 10 6 4 1 9 6
2 5 6 9 4 9 6 8 5 6
5 2 1 7 8 6 6 3 4 3
3 3 6 9 1 5 5 4 9 3
3 10 5 10 8 1 10 3 5 7
5 4 5 1 1 5 5 6 10 1
4 5 6 3 8 9 4 8 7 4
3 4 2 7 7 8 3 4 4 8
7 3 6 4 2 5 10 3 4 6
24 26 1
6 2 1 4 10 9 8 6 7 6
2 10 6 1 5 6 1 2 9 1
4 1 5 5 10 5 2 10 3 8
6 1 9 5 6 3 1 7 4 8
10 8 5 10 10 4 6 10 10 8
8 4 9 2 5 10 7 3 9 10
8 8 7 8 5 10 1 1 6 10
6 10 8 9 4 2 1 5 3 3
3 8 2 10 6 6 6 10 4 1
6 5 2 6 7 3 2 7 8 2
24 27 0
1 1 1 1 1 1 1 1 1 1
1 1 1 1 1 1 1 1 1 1
1 1 1 1 1 1 1 1 1 1
1 1 1 1 1 1 1 1 1 1
1 1 1 1 1 1 1 1 1 1
1 1 1 1 1 1 1 1 1 1
1 1 1 1 1 1 1 1 1 1
1 1 1 1 1 1 1 1 1 1
1 1 1 1 1 1 1 1 1 1
1 1 1 1 1 1 1 1 1 1
24 28 1
10 4 7 8 3 8 9 8 6 4
5 8 6 7 2 9 1 2 3 2
2 3 4 5 4 3 10 3 4 8
2 9 5 8 9 9 2 3 6 7
9 2 7 8 2 7 2 1 1 4
9 4 4 7 1 8 8 8 6 2
10 10 1 6 7 4 7 5 5 5
1 8 5 6 6 2 1 2 3 9
5 5 8 2 8 3 2 8 6 8
10 4 2 10 8 5 1 2 2 8
24 29 1
2 8 7 1 8 1 4 5 1 6
9 4 2 9 4 6 8 7 5 5
6 6 9 2 7 9 2 6 1 3
8 10 4 1 7 8 1 5 5 2
8 7 4 1 10 8 6 10 1 9
7 3 1 2 8 10 7 1 10 5
5 5 2 9 4 9 3 9 3 3
1 2 4 3 3 8 2 2 5 2
1 2 2 8 9 3 8 1 9 5
4 10 3 7 9 5 7 9 7 2
24 31 0
2 2 2 2 2 2 2 2 2 2
2 2 2 2 2 2 2 2 2 2
2 2 2 2 2 2 2 2 2 2
2 2 2 2 2 2 2 2 2 2
2 2 2 2 2 2 2 2 2 2
2 2 2 2 2 2 2 2 2 2
2 2 2 2 2 2 2 2 2 2
2 2 2 2 2 2 2 2 2 2
2 2 2 2 2 2 2 2 2 2
2 2 2 2 2 2 2 2 2 2
24 32 0
2 2 2 2 2 2 2 2 2 2
2 2 2 2 2 2 2 2 2 2
2 2 2 2 2 2 2 2 2 2
2 2 2 2 2 2 2 2 2 2
2 2 2 2 2 2 2 2 2 2
2 2 2 2 2 2 2 2 2 2
2 2 2 2 2 2 2 2 2 2
2 2 2 2 2 2 2 2 2 2
2 2 2 2 2 2 2 2 2 2
2 2 2 2 2 2 2 2 2 2
25 26 0
1 1 1 1 1 1 1 1 1 1
1 1 1 1 1 1 1 1 1 1
1 1 1 1 1 1 1 1 1 1
1 1 1 1 1 1 1 1 1 1
1 1 1 1 1 1 1 1 1 1
1 1 1 1 1 1 1 1 1 1
1 1 1 1 1 1 1 1 1 1
1 1 1 1 1 1 1 1 1 1
1 1 1 1 1 1 1 1 1 1
1 1 1 1 1 1 1 1 1 1
25 27 0
1 1 1 1 1 1 1 1 1 1
1 1 1 1 1 1 1 1 1 1
1 1 1 1 1 1 1 1 1 1
1 1 1 1 1 1 1 1 1 1
1 1 1 1 1 1 1 1 1 1
1 1 1 1 1 1 1 1 1 1
1 1 1 1 1 1 1 1 1 1
1 1 1 1 1 1 1 1 1 1
1 1 1 1 1 1 1 1 1 1
1 1 1 1 1 1 1 1 1 1
25 32 0
1 1 1 1 1 1 1 1 1 1
1 1 1 1 1 1 1 1 1 1
1 1 1 1 1 1 1 1 1 1
1 1 1 1 1 1 1 1 1 1
1 1 1 1 1 1 1 1 1 1
1 1 1 1 1 1 1 1 1 1
1 1 1 1 1 1 1 1 1 1
1 1 1 1 1 1 1 1 1 1
1 1 1 1 1 1 1 1 1 1
1 1 1 1 1 1 1 1 1 1
26 35 0
1 1 1 1 1 1 1 1 1 1
1 1 1 1 1 1 1 1 1 1
1 1 1 1 1 1 1 1 1 1
1 1 1 1 1 1 1 1 1 1
1 1 1 1 1 1 1 1 1 1
1 1 1 1 1 1 1 1 1 1
1 1 1 1 1 1 1 1 1 1
1 1 1 1 1 1 1 1 1 1
1 1 1 1 1 1 1 1 1 1
1 1 1 1 1 1 1 1 1 1
26 28 1
9 9 9 2 2 9 9 10 2 2
8 10 8 4 2 1 4 7 1 8
7 6 6 7 10 10 10 3 7 1
8 3 3 3 1 10 7 3 7 8
10 9 5 1 10 10 2 7 1 1
7 5 5 8 2 6 1 1 2 4
4 8 1 10 3 7 10 3 1 10
9 9 8 9 4 4 6 7 7 2
5 3 6 1 6 9 9 7 6 4
9 3 10 9 5 7 6 7 7 9
26 29 1
6 10 2 9 9 4 4 9 5 5
1 6 4 9 1 1 9 7 1 5
1 2 7 7 8 6 3 3 1 2
5 9 9 2 2 3 2 10 4 10
3 7 5 5 4 10 4 1 8 9
10 10 2 6 7 10 8 4 7 8
9 7 5 9 9 1 5 3 10 7
2 1 4 5 3 7 1 10 3 1
9 4 6 6 6 4 7 3 9 4
3 6 1 10 10 9 8 7 9 1
26 30 1
1 3 10 9 6 5 4 3 10 8
5 10 6 7 1 1 1 6 9 4
3 9 6 3 6 9 8 6 5 9
6 5 10 4 7 1 10 10 4 5
8 6 6 3 6 5 6 5 8 4
6 10 9 8 8 3 8 7 9 2
3 4 2 10 1 5 6 4 1 7
3 9 3 7 7 3 5 9 6 4
3 1 1 7 4 2 8 9 4 1
6 8 2 7 7 5 7 8 2 5
27 35 0
2 2 2 2 2 2 2 2 2 2
2 2 2 2 2 2 2 2 2 2
2 2 2 2 2 2 2 2 2 2
2 2 2 2 2 2 2 2 2 2
2 2 2 2 2 2 2 2 2 2
2 2 2 2 2 2 2 2 2 2
2 2 2 2 2 2 2 2 2 2
2 2 2 2 2 2 2 2 2 2
2 2 2 2 2 2 2 2 2 2
2 2 2 2 2 2 2 2 2 2
27 29 1
5 4 1 3 4 1 10 7 2 3
9 1 2 3 4 7 6 2 6 6
5 2 5 10 9 4 2 3 4 7
2 4 8 10 7 6 2 7 8 4
1 4 4 7 10 5 7 8 7 9
8 2 2 4 4 2 2 4 2 7
9 4 6 6 2 7 2 5 2 3
3 6 1 8 5 1 9 10 10 6
5 8 2 5 5 10 6 6 10 7
6 4 4 10 1 10 5 4 8 3
27 30 0
2 2 2 2 2 2 2 2 2 2
2 2 2 2 2 2 2 2 2 2
2 2 2 2 2 2 2 2 2 2
2 2 2 2 2 2 2 2 2 2
2 2 2 2 2 2 2 2 2 2
2 2 2 2 2 2 2 2 2 2
2 2 2 2 2 2 2 2 2 2
2 2 2 2 2 2 2 2 2 2
2 2 2 2 2 2 2 2 2 2
2 2 2 2 2 2 2 2 2 2
27 31 1
5 3 10 1 5 4 5 2 7 3
8 4 9 2 5 4 8 2 7 2
8 5 2 1 5 8 3 4 3 10
8 8 7 4 4 3 9 10 8 1
8 10 7 6 1 4 6 10 8 1
9 10 1 6 8 10 3 9 1 1
2 8 7 7 7 7 8 5 3 9
6 2 8 4 10 5 2 1 4 2
3 2 9 9 5 9 5 10 5 3
7 3 7 5 3 4 3 7 6 8
27 32 1
4 10 5 2 7 4 10 2 10 10
10 10 9 7 5 8 8 2 10 1
9 9 7 4 5 10 3 3 3 6
10 4 2 10 2 10 3 5 5 9
9 7 2 4 2 8 7 3 8 10
5 7 5 10 1 10 3 5 2 2
4 3 1 2 1 5 8 2 5 10
6 8 6 8 4 10 6 10 2 5
4 7 3 6 7 5 3 6 9 7
10 4 1 9 9 8 1 10 2 3
28 33 0
1 1 1 1 1 1 1 1 1 1
1 1 1 1 1 1 1 1 1 1
1 1 1 1 1 1 1 1 1 1
1 1 1 1 1 1 1 1 1 1
1 1 1 1 1 1 1 1 1 1
1 1 1 1 1 1 1 1 1 1
1 1 1 1 1 1 1 1 1 1
1 1 1 1 1 1 1 1 1 1
1 1 1 1 1 1 1 1 1 1
1 1 1 1 1 1 1 1 1 1
28 31 0
1 1 1 1 1 1 1 1 1 1
1 1 1 1 1 1 1 1 1 1
1 1 1 1 1 1 1 1 1 1
1 1 1 1 1 1 1 1 1 1
1 1 1 1 1 1 1 1 1 1
1 1 1 1 1 1 1 1 1 1
1 1 1 1 1 1 1 1 1 1
1 1 1 1 1 1 1 1 1 1
1 1 1 1 1 1 1 1 1 1
1 1 1 1 1 1 1 1 1 1
28 32 1
7 4 1 6 2 3 4 7 1 9
3 4 10 1 5 4 3 9 9 10
9 2 9 4 1 9 7 8 2 6
9 1 6 4 8 7 7 9 8 9
1 10 3 9 8 7 2 3 3 8
2 10 8 7 5 1 10 7 4 8
3 3 5 9 6 9 7 5 9 3
6 3 1 7 5 10 10 7 7 7
6 8 4 2 7 2 6 2 6 7
4 1 2 5 2 4 6 3 6 1
29 33 1
5 10 4 9 6 3 6 7 6 7
10 8 4 6 5 8 5 1 7 8
9 2 1 8 9 10 2 1 3 8
9 7 1 9 3 8 6 3 2 6
7 1 2 1 3 10 8 3 7 10
9 4 1 9 1 1 4 7 10 8
3 3 9 7 7 1 2 10 5 8
5 10 10 4 9 1 10 4 7 6
9 5 1 8 10 9 5 3 4 10
10 8 5 3 4 10 4 2 7 5
29 30 1
4 2 1 9 10 10 2 3 5 4
2 1 2 10 6 5 10 2 10 6
7 7 3 4 3 2 5 3 3 3
5 6 5 4 3 10 4 6 2 5
1 5 10 8 3 9 3 3 1 6
1 1 5 5 3 4 7 9 1 5
6 6 9 2 5 10 9 4 5 10
5 4 1 1 9 9 10 4 8 3
5 8 2 2 4 9 2 6 6 10
4 8 2 7 10 4 9 7 5 7
29 31 1
5 6 2 3 2 8 7 3 5 3
6 3 1 4 4 2 9 3 7 4
10 5 8 3 6 4 1 5 6 1
8 3 7 6 5 10 4 3 5 10
9 2 8 6 5 10 9 8 1 5
6 4 1 7 10 9 3 8 10 5
9 2 9 2 5 1 10 3 10 9
7 6 3 8 7 5 2 9 3 5
5 8 10 7 10 3 1 3 10 9
2 7 5 7 1 3 3 7 5 8
29 32 0
2 2 2 2 2 2 2 2 2 2
2 2 2 2 2 2 2 2 2 2
2 2 2 2 2 2 2 2 2 2
2 2 2 2 2 2 2 2 2 2
2 2 2 2 2 2 2 2 2 2
2 2 2 2 2 2 2 2 2 2
2 2 2 2 2 2 2 2 2 2
2 2 2 2 2 2 2 2 2 2
2 2 2 2 2 2 2 2 2 2
2 2 2 2 2 2 2 2 2 2
30 33 0
2 2 2 2 2 2 2 2 2 2
2 2 2 2 2 2 2 2 2 2
2 2 2 2 2 2 2 2 2 2
2 2 2 2 2 2 2 2 2 2
2 2 2 2 2 2 2 2 2 2
2 2 2 2 2 2 2 2 2 2
2 2 2 2 2 2 2 2 2 2
2 2 2 2 2 2 2 2 2 2
2 2 2 2 2 2 2 2 2 2
2 2 2 2 2 2 2 2 2 2
30 35 1
2 2 3 5 5 2 5 1 7 8
5 1 6 7 2 4 6 7 1 9
10 5 8 6 4 3 1 4 2 1
1 6 9 8 4 8 7 4 6 10
9 4 6 2 8 9 7 10 8 4
10 3 10 8 1 10 5 6 6 2
2 3 7 9 7 9 7 5 3 3
2 1 7 8 3 2 8 8 9 9
7 2 5 3 10 3 10 10 10 4
8 1 9 8 1 10 4 8 2 9
31 35 0
2 2 2 2 2 2 2 2 2 2
2 2 2 2 2 2 2 2 2 2
2 2 2 2 2 2 2 2 2 2
2 2 2 2 2 2 2 2 2 2
2 2 2 2 2 2 2 2 2 2
2 2 2 2 2 2 2 2 2 2
2 2 2 2 2 2 2 2 2 2
2 2 2 2 2 2 2 2 2 2
2 2 2 2 2 2 2 2 2 2
2 2 2 2 2 2 2 2 2 2
32 33 1
9 4 2 1 3 1 7 4 2 10
2 10 1 9 8 6 7 1 4 4
5 6 9 9 10 9 6 10 6 4
2 6 5 7 5 4 9 1 2 3
1 5 9 10 8 9 3 7 3 5
6 3 6 7 9 4 2 4 9 4
9 9 9 4 5 4 9 4 6 5
8 3 5 6 1 6 4 3 6 4
10 5 8 4 6 1 10 6 4 10
2 10 7 6 6 10 8 7 5 3
32 34 1
4 8 5 7 6 7 6 7 2 6
10 8 9 8 7 3 6 4 6 4
6 3 4 8 6 1 2 6 6 4
7 3 3 8 6 3 5 2 4 1
2 2 6 10 2 8 8 8 7 10
2 1 9 9 2 6 5 10 7 2
8 7 7 3 7 8 1 2 7 5
5 10 4 1 9 9 1 5 7 9
2 5 3 10 6 9 10 8 5 8
6 10 4 1 1 1 10 5 1 6
32 35 0
1 1 1 1 1 1 1 1 1 1
1 1 1 1 1 1 1 1 1 1
1 1 1 1 1 1 1 1 1 1
1 1 1 1 1 1 1 1 1 1
1 1 1 1 1 1 1 1 1 1
1 1 1 1 1 1 1 1 1 1
1 1 1 1 1 1 1 1 1 1
1 1 1 1 1 1 1 1 1 1
1 1 1 1 1 1 1 1 1 1
1 1 1 1 1 1 1 1 1 1
33 34 0
1 1 1 1 1 1 1 1 1 1
1 1 1 1 1 1 1 1 1 1
1 1 1 1 1 1 1 1 1 1
1 1 1 1 1 1 1 1 1 1
1 1 1 1 1 1 1 1 1 1
1 1 1 1 1 1 1 1 1 1
1 1 1 1 1 1 1 1 1 1
1 1 1 1 1 1 1 1 1 1
1 1 1 1 1 1 1 1 1 1
1 1 1 1 1 1 1 1 1 1
33 35 0
1 1 1 1 1 1 1 1 1 1
1 1 1 1 1 1 1 1 1 1
1 1 1 1 1 1 1 1 1 1
1 1 1 1 1 1 1 1 1 1
1 1 1 1 1 1 1 1 1 1
1 1 1 1 1 1 1 1 1 1
1 1 1 1 1 1 1 1 1 1
1 1 1 1 1 1 1 1 1 1
1 1 1 1 1 1 1 1 1 1
1 1 1 1 1 1 1 1 1 1
