30 217 1
1 10
1 2 1
2 9 9 10 8 3 7 9 6 1
8 7 6 8 1 1 7 1 3 2
3 4 6 1 7 8 2 2 3 8
3 5 3 6 7 2 10 3 8 3
9 3 10 8 1 5 6 5 2 7
9 2 2 8 2 8 8 2 4 2
1 8 6 3 5 8 8 8 5 3
7 7 7 6 5 2 1 9 1 8
4 5 5 7 7 10 3 3 2 8
7 4 4 8 9 9 4 4 7 7
1 3 1
9 9 8 9 1 7 6 2 3 4
5 10 1 10 7 7 7 9 3 3
2 8 9 3 9 10 10 6 6 8
10 5 8 8 2 8 3 9 4 5
2 6 4 6 7 2 1 8 3 1
8 9 1 1 2 2 9 2 6 2
10 2 2 9 3 7 3 3 4 8
7 7 6 3 10 9 8 9 7 7
4 8 10 10 5 6 2 3 1 1
6 8 1 6 7 7 1 10 7 3
1 5 0
1 1 1 1 1 1 1 1 1 1
1 1 1 1 1 1 1 1 1 1
1 1 1 1 1 1 1 1 1 1
1 1 1 1 1 1 1 1 1 1
1 1 1 1 1 1 1 1 1 1
1 1 1 1 1 1 1 1 1 1
1 1 1 1 1 1 1 1 1 1
1 1 1 1 1 1 1 1 1 1
1 1 1 1 1 1 1 1 1 1
1 1 1 1 1 1 1 1 1 1
1 6 1
10 7 5 9 8 3 4 9 4 9
5 9 7 3 4 10 8 9 3 7
7 5 5 1 10 10 7 1 6 1
10 10 8 6 1 8 1 5 10 1
9 4 2 9 7 8 5 4 4 5
10 8 8 9 6 7 10 7 2 6
2 2 5 7 9 1 8 2 9 5
1 10 10 6 4 9 7 5 6 3
7 3 4 7 7 5 9 1 1 3
9 6 10 6 9 10 6 5 3 7
1 11 1
2 2 4 10 8 1 6 4 10 4
7 1 1 4 6 2 4 8 5 6
9 4 6 5 6 1 9 5 7 10
2 2 4 1 5 1 4 8 8 5
2 10 9 3 3 2 8 10 8 10
7 10 5 9 7 10 1 7 9 5
10 7 4 5 3 5 7 5 10 10
10 1 9 2 5 10 5 8 3 3
10 10 9 6 7 4 5 9 2 1
3 10 9 7 8 4 6 1 7 9
1 12 0
1 1 1 1 1 1 1 1 1 1
1 1 1 1 1 1 1 1 1 1
1 1 1 1 1 1 1 1 1 1
1 1 1 1 1 1 1 1 1 1
1 1 1 1 1 1 1 1 1 1
1 1 1 1 1 1 1 1 1 1
1 1 1 1 1 1 1 1 1 1
1 1 1 1 1 1 1 1 1 1
1 1 1 1 1 1 1 1 1 1
1 1 1 1 1 1 1 1 1 1
1 13 0
2 2 2 2 2 2 2 2 2 2
2 2 2 2 2 2 2 2 2 2
2 2 2 2 2 2 2 2 2 2
2 2 2 2 2 2 2 2 2 2
2 2 2 2 2 2 2 2 2 2
2 2 2 2 2 2 2 2 2 2
2 2 2 2 2 2 2 2 2 2
2 2 2 2 2 2 2 2 2 2
2 2 2 2 2 2 2 2 2 2
2 2 2 2 2 2 2 2 2 2
1 14 0
1 1 1 1 1 1 1 1 1 1
1 1 1 1 1 1 1 1 1 1
1 1 1 1 1 1 1 1 1 1
1 1 1 1 1 1 1 1 1 1
1 1 1 1 1 1 1 1 1 1
1 1 1 1 1 1 1 1 1 1
1 1 1 1 1 1 1 1 1 1
1 1 1 1 1 1 1 1 1 1
1 1 1 1 1 1 1 1 1 1
1 1 1 1 1 1 1 1 1 1
1 15 1
3 5 9 2 2 1 2 5 10 7
1 8 2 8 1 2 9 9 6 10
2 8 1 10 1 3 4 3 8 9
10 8 4 6 4 10 5 2 7 5
2 6 9 9 3 9 10 2 3 8
6 7 7 2 2 5 10 8 9 9
8 3 7 4 1 8 4 6 8 5
7 8 5 6 8 7 10 1 4 6
1 10 3 3 1 10 6 8 10 9
7 7 1 7 2 4 3 4 3 8
1 17 1
9 8 1 8 10 2 3 7 4 7
9 2 5 6 1 6 7 7 3 6
5 8 6 9 2 2 8 7 10 4
5 4 2 4 5 6 4 8 5 3
10 4 6 5 7 8 2 4 7 7
7 7 6 10 2 8 4 7 8 4
4 8 5 10 9 6 10 2 1 3
2 2 9 5 8 4 1 1 5 3
7 9 2 9 9 8 5 1 2 7
2 2 1 2 7 7 1 2 9 1
1 19 1
10 4 1 4 10 7 3 7 8 5
1 5 1 10 1 3 8 6 1 1
10 6 5 7 2 3 10 10 4 8
8 6 3 5 5 5 4 3 7 7
8 3 4 7 6 3 10 1 1 5
4 8 8 6 10 5 5 1 6 7
6 3 7 8 1 4 6 8 5 4
5 1 4 5 8 10 9 7 4 3
4 8 8 6 9 2 8 3 8 9
6 6 4 9 9 10 8 10 4 1
1 21 1
9 5 7 4 2 4 4 8 10 9
4 10 6 4 10 4 10 10 6 9
3 5 10 9 1 1 2 6 6 6
1 9 6 6 5 3 8 1 7 6
9 7 3 6 5 6 6 3 10 2
9 9 4 3 8 7 3 3 9 2
3 2 10 5 2 3 10 1 1 4
7 7 3 6 10 10 3 2 2 5
3 10 4 4 10 7 9 4 1 5
10 3 6 6 6 8 7 5 2 6
1 22 0
2 2 2 2 2 2 2 2 2 2
2 2 2 2 2 2 2 2 2 2
2 2 2 2 2 2 2 2 2 2
2 2 2 2 2 2 2 2 2 2
2 2 2 2 2 2 2 2 2 2
2 2 2 2 2 2 2 2 2 2
2 2 2 2 2 2 2 2 2 2
2 2 2 2 2 2 2 2 2 2
2 2 2 2 2 2 2 2 2 2
2 2 2 2 2 2 2 2 2 2
1 26 0
1 1 1 1 1 1 1 1 1 1
1 1 1 1 1 1 1 1 1 1
1 1 1 1 1 1 1 1 1 1
1 1 1 1 1 1 1 1 1 1
1 1 1 1 1 1 1 1 1 1
1 1 1 1 1 1 1 1 1 1
1 1 1 1 1 1 1 1 1 1
1 1 1 1 1 1 1 1 1 1
1 1 1 1 1 1 1 1 1 1
1 1 1 1 1 1 1 1 1 1
1 30 1
8 9 3 8 3 6 1 2 9 1
2 4 10 7 7 9 1 8 2 1
5 9 10 6 10 7 7 6 10 1
6 1 4 3 1 8 9 2 3 6
7 2 1 6 10 2 1 3 1 2
3 2 3 7 5 3 4 7 2 10
8 2 1 9 4 2 1 1 9 6
10 4 6 2 4 3 1 1 5 1
3 5 10 5 10 9 5 2 2 10
9 7 2 9 9 4 7 2 9 5
2 3 1
9 1 3 4 10 2 5 8 2 9
9 7 3 6 4 4 9 9 2 2
1 1 4 9 5 1 10 6 6 9
4 5 6 7 7 3 1 6 6 5
4 4 6 10 1 4 8 6 5 1
10 6 4 1 1 4 6 7 10 4
8 6 8 5 2 10 3 6 3 10
9 7 6 2 8 6 1 1 8 2
6 2 6 6 10 9 9 7 4 2
8 2 8 6 1 7 3 10 6 7
2 4 1
3 5 2 2 4 8 4 5 9 6
1 8 3 4 1 10 9 9 3 6
3 4 9 2 2 7 2 7 10 3
6 8 9 3 5 8 1 1 5 4
2 1 6 6 7 1 5 1 9 6
5 1 7 5 3 8 1 7 6 1
8 10 2 4 5 9 7 2 10 4
9 6 8 4 2 8 5 9 4 9
5 7 7 4 6 2 3 3 5 7
2 3 10 1 8 9 10 10 10 9
2 5 1
4 9 6 3 2 8 10 2 1 3
5 9 5 1 3 5 8 3 4 8
5 6 3 3 8 5 9 5 5 10
6 6 1 2 9 2 2 10 7 10
4 6 9 2 1 10 2 10 7 2
7 2 4 9 6 3 9 8 5 7
9 4 1 6 4 5 2 9 6 3
8 4 3 9 7 1 7 9 5 9
5 9 3 5 5 10 5 4 6 9
4 8 8 8 7 3 10 5 4 5
2 6 1
3 9 5 10 3 3 6 9 5 5
9 1 6 4 7 4 1 8 8 10
3 2 9 4 5 10 6 8 3 6
9 2 6 8 10 9 10 6 3 1
7 9 6 1 5 10 3 5 8 9
1 4 10 5 10 5 2 9 9 2
4 7 10 1 7 2 1 10 8 5
10 4 10 5 7 5 7 8 2 10
2 4 3 6 5 10 1 10 4 5
4 1 3 3 10 2 2 2 6 8
2 7 0
1 1 1 1 1 1 1 1 1 1
1 1 1 1 1 1 1 1 1 1
1 1 1 1 1 1 1 1 1 1
1 1 1 1 1 1 1 1 1 1
1 1 1 1 1 1 1 1 1 1
1 1 1 1 1 1 1 1 1 1
1 1 1 1 1 1 1 1 1 1
1 1 1 1 1 1 1 1 1 1
1 1 1 1 1 1 1 1 1 1
1 1 1 1 1 1 1 1 1 1
2 9 1
10 10 10 1 1 9 6 9 5 6
3 4 9 3 2 2 6 6 3 9
1 4 7 1 9 9 8 10 4 9
7 5 8 6 2 1 7 10 9 8
6 4 3 5 2 6 5 2 3 5
7 8 9 8 4 2 7 5 9 6
8 6 5 6 5 4 4 8 7 7
8 8 3 1 10 5 6 2 10 1
4 8 7 2 7 6 7 3 10 9
5 1 1 1 6 7 10 3 5 8
2 12 1
4 3 6 1 10 5 6 7 3 4
1 7 10 4 1 4 8 2 8 7
10 2 9 8 6 6 7 2 3 8
6 7 4 1 10 8 9 3 8 8
4 6 8 4 6 9 9 4 3 7
1 4 9 1 3 4 9 5 2 4
6 5 5 9 1 4 7 10 7 10
6 2 2 1 9 1 2 8 5 7
1 3 2 3 7 1 8 5 4 5
6 1 8 1 7 3 1 10 1 6
2 13 0
1 1 1 1 1 1 1 1 1 1
1 1 1 1 1 1 1 1 1 1
1 1 1 1 1 1 1 1 1 1
1 1 1 1 1 1 1 1 1 1
1 1 1 1 1 1 1 1 1 1
1 1 1 1 1 1 1 1 1 1
1 1 1 1 1 1 1 1 1 1
1 1 1 1 1 1 1 1 1 1
1 1 1 1 1 1 1 1 1 1
1 1 1 1 1 1 1 1 1 1
2 16 1
4 10 8 4 4 3 3 5 10 9
4 10 9 7 1 10 4 1 7 2
8 8 2 3 3 2 1 3 6 3
7 3 4 4 1 4 8 3 10 10
1 2 8 4 1 2 5 4 5 2
6 7 5 1 6 6 2 4 3 7
2 10 8 9 8 8 1 4 8 8
6 6 8 8 4 6 1 1 1 5
3 6 2 3 4 3 9 9 2 9
7 8 9 4 1 8 5 7 4 10
2 18 0
1 1 1 1 1 1 1 1 1 1
1 1 1 1 1 1 1 1 1 1
1 1 1 1 1 1 1 1 1 1
1 1 1 1 1 1 1 1 1 1
1 1 1 1 1 1 1 1 1 1
1 1 1 1 1 1 1 1 1 1
1 1 1 1 1 1 1 1 1 1
1 1 1 1 1 1 1 1 1 1
1 1 1 1 1 1 1 1 1 1
1 1 1 1 1 1 1 1 1 1
2 19 0
2 2 2 2 2 2 2 2 2 2
2 2 2 2 2 2 2 2 2 2
2 2 2 2 2 2 2 2 2 2
2 2 2 2 2 2 2 2 2 2
2 2 2 2 2 2 2 2 2 2
2 2 2 2 2 2 2 2 2 2
2 2 2 2 2 2 2 2 2 2
2 2 2 2 2 2 2 2 2 2
2 2 2 2 2 2 2 2 2 2
2 2 2 2 2 2 2 2 2 2
2 20 1
6 8 5 8 6 9 2 10 6 1
3 3 2 9 1 9 5 3 2 5
6 6 9 8 6 10 2 3 10 4
3 1 6 5 10 2 10 6 10 7
6 3 7 10 4 3 4 7 9 8
10 6 3 2 9 4 1 8 6 4
9 6 9 3 9 2 5 7 2 9
4 4 2 7 9 10 4 10 5 1
3 9 3 6 8 5 6 9 6 7
3 10 10 5 7 10 5 10 3 7
2 21 0
1 1 1 1 1 1 1 1 1 1
1 1 1 1 1 1 1 1 1 1
1 1 1 1 1 1 1 1 1 1
1 1 1 1 1 1 1 1 1 1
1 1 1 1 1 1 1 1 1 1
1 1 1 1 1 1 1 1 1 1
1 1 1 1 1 1 1 1 1 1
1 1 1 1 1 1 1 1 1 1
1 1 1 1 1 1 1 1 1 1
1 1 1 1 1 1 1 1 1 1
2 23 0
1 1 1 1 1 1 1 1 1 1
1 1 1 1 1 1 1 1 1 1
1 1 1 1 1 1 1 1 1 1
1 1 1 1 1 1 1 1 1 1
1 1 1 1 1 1 1 1 1 1
1 1 1 1 1 1 1 1 1 1
1 1 1 1 1 1 1 1 1 1
1 1 1 1 1 1 1 1 1 1
1 1 1 1 1 1 1 1 1 1
1 1 1 1 1 1 1 1 1 1
2 25 0
1 1 1 1 1 1 1 1 1 1
1 1 1 1 1 1 1 1 1 1
1 1 1 1 1 1 1 1 1 1
1 1 1 1 1 1 1 1 1 1
1 1 1 1 1 1 1 1 1 1
1 1 1 1 1 1 1 1 1 1
1 1 1 1 1 1 1 1 1 1
1 1 1 1 1 1 1 1 1 1
1 1 1 1 1 1 1 1 1 1
1 1 1 1 1 1 1 1 1 1
2 26 0
1 1 1 1 1 1 1 1 1 1
1 1 1 1 1 1 1 1 1 1
1 1 1 1 1 1 1 1 1 1
1 1 1 1 1 1 1 1 1 1
1 1 1 1 1 1 1 1 1 1
1 1 1 1 1 1 1 1 1 1
1 1 1 1 1 1 1 1 1 1
1 1 1 1 1 1 1 1 1 1
1 1 1 1 1 1 1 1 1 1
1 1 1 1 1 1 1 1 1 1
2 27 0
2 2 2 2 2 2 2 2 2 2
2 2 2 2 2 2 2 2 2 2
2 2 2 2 2 2 2 2 2 2
2 2 2 2 2 2 2 2 2 2
2 2 2 2 2 2 2 2 2 2
2 2 2 2 2 2 2 2 2 2
2 2 2 2 2 2 2 2 2 2
2 2 2 2 2 2 2 2 2 2
2 2 2 2 2 2 2 2 2 2
2 2 2 2 2 2 2 2 2 2
2 28 1
8 1 2 5 4 3 9 4 10 8
5 2 4 4 8 2 8 3 7 9
8 1 5 5 8 3 9 10 9 3
9 10 3 1 4 4 1 8 4 9
9 4 7 9 4 7 8 6 8 10
1 1 7 1 6 4 4 9 5 6
5 1 8 2 1 2 7 1 8 4
10 3 1 7 5 7 7 10 3 3
8 7 10 4 5 7 3 4 5 8
9 8 1 8 2 2 3 2 10 5
2 29 1
7 3 4 6 1 8 10 10 7 2
9 2 1 8 5 8 2 3 8 7
10 3 1 10 9 9 1 5 1 7
5 3 8 6 4 10 3 6 8 3
10 1 7 4 2 9 4 1 9 2
7 5 3 1 7 8 5 9 3 7
8 6 7 1 1 8 1 1 5 1
7 8 2 9 7 4 6 1 3 1
8 3 6 7 5 4 5 1 4 3
1 2 6 2 7 10 5 10 5 1
3 4 1
5 6 7 10 8 3 2 2 8 2
3 3 1 5 10 4 10 4 4 1
4 2 10 2 5 10 1 4 10 5
4 6 2 2 10 9 1 9 10 9
3 2 4 1 10 3 5 8 10 4
2 6 2 2 3 8 8 3 10 10
8 5 8 5 4 2 1 6 9 9
1 8 3 10 8 10 8 1 2 5
7 7 7 7 10 4 10 8 10 5
2 7 9 8 10 6 8 7 3 8
3 10 0
1 1 1 1 1 1 1 1 1 1
1 1 1 1 1 1 1 1 1 1
1 1 1 1 1 1 1 1 1 1
1 1 1 1 1 1 1 1 1 1
1 1 1 1 1 1 1 1 1 1
1 1 1 1 1 1 1 1 1 1
1 1 1 1 1 1 1 1 1 1
1 1 1 1 1 1 1 1 1 1
1 1 1 1 1 1 1 1 1 1
1 1 1 1 1 1 1 1 1 1
3 11 1
5 10 5 6 1 8 1 8 3 2
8 7 10 2 10 6 1 6 10 9
2 10 4 7 2 6 9 7 2 1
8 9 6 8 5 2 2 2 3 5
3 10 8 5 8 9 3 10 2 2
9 1 2 6 10 1 8 2 9 1
4 5 1 1 9 6 3 9 7 4
4 9 7 5 8 3 9 8 5 4
9 9 10 1 9 3 1 7 7 1
5 3 5 10 7 5 2 10 7 6
3 12 0
2 2 2 2 2 2 2 2 2 2
2 2 2 2 2 2 2 2 2 2
2 2 2 2 2 2 2 2 2 2
2 2 2 2 2 2 2 2 2 2
2 2 2 2 2 2 2 2 2 2
2 2 2 2 2 2 2 2 2 2
2 2 2 2 2 2 2 2 2 2
2 2 2 2 2 2 2 2 2 2
2 2 2 2 2 2 2 2 2 2
2 2 2 2 2 2 2 2 2 2
3 13 0
1 1 1 1 1 1 1 1 1 1
1 1 1 1 1 1 1 1 1 1
1 1 1 1 1 1 1 1 1 1
1 1 1 1 1 1 1 1 1 1
1 1 1 1 1 1 1 1 1 1
1 1 1 1 1 1 1 1 1 1
1 1 1 1 1 1 1 1 1 1
1 1 1 1 1 1 1 1 1 1
1 1 1 1 1 1 1 1 1 1
1 1 1 1 1 1 1 1 1 1
3 15 0
1 1 1 1 1 1 1 1 1 1
1 1 1 1 1 1 1 1 1 1
1 1 1 1 1 1 1 1 1 1
1 1 1 1 1 1 1 1 1 1
1 1 1 1 1 1 1 1 1 1
1 1 1 1 1 1 1 1 1 1
1 1 1 1 1 1 1 1 1 1
1 1 1 1 1 1 1 1 1 1
1 1 1 1 1 1 1 1 1 1
1 1 1 1 1 1 1 1 1 1
3 16 0
2 2 2 2 2 2 2 2 2 2
2 2 2 2 2 2 2 2 2 2
2 2 2 2 2 2 2 2 2 2
2 2 2 2 2 2 2 2 2 2
2 2 2 2 2 2 2 2 2 2
2 2 2 2 2 2 2 2 2 2
2 2 2 2 2 2 2 2 2 2
2 2 2 2 2 2 2 2 2 2
2 2 2 2 2 2 2 2 2 2
2 2 2 2 2 2 2 2 2 2
3 19 0
1 1 1 1 1 1 1 1 1 1
1 1 1 1 1 1 1 1 1 1
1 1 1 1 1 1 1 1 1 1
1 1 1 1 1 1 1 1 1 1
1 1 1 1 1 1 1 1 1 1
1 1 1 1 1 1 1 1 1 1
1 1 1 1 1 1 1 1 1 1
1 1 1 1 1 1 1 1 1 1
1 1 1 1 1 1 1 1 1 1
1 1 1 1 1 1 1 1 1 1
3 20 1
1 6 4 3 8 5 2 5 3 6
6 9 1 9 3 9 5 8 3 8
8 3 9 4 5 4 2 1 10 6
7 5 4 6 6 7 5 5 2 10
9 3 7 2 4 8 1 4 10 5
4 5 6 6 4 4 2 4 8 5
3 3 1 1 6 7 7 3 1 6
6 4 9 2 2 2 1 7 5 5
2 6 7 4 8 6 4 10 3 4
7 9 5 10 2 6 8 10 7 3
3 22 1
5 5 10 5 1 10 2 3 10 8
2 2 1 8 1 5 5 1 1 7
10 1 4 2 7 10 8 6 6 7
6 7 8 10 3 3 5 7 1 5
4 3 3 1 7 10 10 7 10 5
5 4 6 5 1 3 9 6 4 7
5 3 5 3 5 8 2 1 8 8
7 4 9 5 4 4 7 4 4 8
3 2 10 2 7 9 1 7 10 8
3 6 9 1 4 7 10 3 9 9
3 24 0
1 1 1 1 1 1 1 1 1 1
1 1 1 1 1 1 1 1 1 1
1 1 1 1 1 1 1 1 1 1
1 1 1 1 1 1 1 1 1 1
1 1 1 1 1 1 1 1 1 1
1 1 1 1 1 1 1 1 1 1
1 1 1 1 1 1 1 1 1 1
1 1 1 1 1 1 1 1 1 1
1 1 1 1 1 1 1 1 1 1
1 1 1 1 1 1 1 1 1 1
3 25 0
1 1 1 1 1 1 1 1 1 1
1 1 1 1 1 1 1 1 1 1
1 1 1 1 1 1 1 1 1 1
1 1 1 1 1 1 1 1 1 1
1 1 1 1 1 1 1 1 1 1
1 1 1 1 1 1 1 1 1 1
1 1 1 1 1 1 1 1 1 1
1 1 1 1 1 1 1 1 1 1
1 1 1 1 1 1 1 1 1 1
1 1 1 1 1 1 1 1 1 1
4 7 1
5 10 6 9 6 2 7 1 3 8
3 8 10 2 9 5 3 7 1 2
8 5 5 8 8 4 7 4 6 3
3 1 10 6 7 6 3 2 7 10
2 10 6 8 10 8 5 9 9 7
3 6 3 5 2 8 1 4 10 9
4 9 8 6 8 1 8 2 8 4
1 1 5 9 2 7 7 3 9 2
6 9 9 7 5 1 3 6 5 6
1 7 8 4 3 8 7 4 7 3
4 8 1
1 6 2 7 4 9 8 2 10 6
1 6 2 5 8 6 7 7 6 2
6 9 10 1 5 7 3 5 3 6
1 8 2 3 8 2 2 4 1 3
6 6 8 9 6 7 3 1 1 2
10 7 10 7 4 1 8 10 8 2
5 8 1 3 4 10 10 1 7 7
8 8 2 6 8 5 9 7 5 9
2 4 6 7 1 9 10 8 7 1
8 9 9 2 4 6 9 2 2 10
4 9 0
2 2 2 2 2 2 2 2 2 2
2 2 2 2 2 2 2 2 2 2
2 2 2 2 2 2 2 2 2 2
2 2 2 2 2 2 2 2 2 2
2 2 2 2 2 2 2 2 2 2
2 2 2 2 2 2 2 2 2 2
2 2 2 2 2 2 2 2 2 2
2 2 2 2 2 2 2 2 2 2
2 2 2 2 2 2 2 2 2 2
2 2 2 2 2 2 2 2 2 2
4 10 1
6 2 4 10 8 2 6 9 8 9
6 3 9 2 5 8 1 10 1 1
6 10 10 7 10 5 7 3 2 1
9 9 9 4 10 4 4 10 4 8
1 6 4 3 6 3 9 1 3 4
8 2 6 8 2 2 8 3 1 4
3 9 3 6 9 6 8 9 6 9
8 2 6 9 1 5 7 5 3 5
8 1 7 3 6 3 1 1 1 6
3 3 10 9 3 5 9 10 10 4
4 11 0
2 2 2 2 2 2 2 2 2 2
2 2 2 2 2 2 2 2 2 2
2 2 2 2 2 2 2 2 2 2
2 2 2 2 2 2 2 2 2 2
2 2 2 2 2 2 2 2 2 2
2 2 2 2 2 2 2 2 2 2
2 2 2 2 2 2 2 2 2 2
2 2 2 2 2 2 2 2 2 2
2 2 2 2 2 2 2 2 2 2
2 2 2 2 2 2 2 2 2 2
4 12 1
4 4 10 6 8 10 1 6 2 4
3 9 3 9 1 9 8 8 1 3
1 2 10 4 3 10 3 8 9 4
7 3 6 2 5 5 6 3 6 5
3 7 8 9 5 3 10 7 5 2
3 7 2 10 6 10 1 10 6 6
5 8 5 8 10 6 3 3 6 8
10 2 8 3 7 1 2 3 2 7
10 1 7 10 10 9 6 7 10 4
4 4 10 7 8 9 6 4 4 4
4 15 1
10 10 5 8 1 5 1 2 8 3
9 9 9 8 8 6 3 5 3 10
7 2 2 10 8 8 4 3 4 7
10 7 5 9 3 10 3 9 6 4
10 4 1 5 4 7 5 10 2 10
9 3 5 5 1 9 10 1 3 4
10 2 3 5 8 8 2 7 5 4
6 2 8 6 10 3 5 9 1 5
9 5 8 8 1 5 5 4 6 8
3 10 7 3 7 5 2 5 1 2
4 17 1
1 10 4 4 8 2 9 7 5 10
3 4 6 1 7 3 5 4 3 4
10 1 3 5 8 7 6 2 5 7
10 1 8 4 3 10 9 5 3 9
8 5 1 8 6 8 9 5 6 7
7 9 7 5 6 8 4 2 1 9
3 9 1 7 10 6 7 9 8 3
8 1 2 8 6 2 9 7 1 2
8 7 8 1 3 6 4 6 10 8
8 4 9 2 2 8 1 9 3 7
4 19 0
1 1 1 1 1 1 1 1 1 1
1 1 1 1 1 1 1 1 1 1
1 1 1 1 1 1 1 1 1 1
1 1 1 1 1 1 1 1 1 1
1 1 1 1 1 1 1 1 1 1
1 1 1 1 1 1 1 1 1 1
1 1 1 1 1 1 1 1 1 1
1 1 1 1 1 1 1 1 1 1
1 1 1 1 1 1 1 1 1 1
1 1 1 1 1 1 1 1 1 1
4 21 0
1 1 1 1 1 1 1 1 1 1
1 1 1 1 1 1 1 1 1 1
1 1 1 1 1 1 1 1 1 1
1 1 1 1 1 1 1 1 1 1
1 1 1 1 1 1 1 1 1 1
1 1 1 1 1 1 1 1 1 1
1 1 1 1 1 1 1 1 1 1
1 1 1 1 1 1 1 1 1 1
1 1 1 1 1 1 1 1 1 1
1 1 1 1 1 1 1 1 1 1
4 25 1
8 2 2 3 3 10 7 2 10 1
3 5 5 8 6 3 1 2 4 3
2 6 7 7 10 10 10 6 3 9
9 3 9 6 7 3 7 6 3 2
4 7 3 8 1 5 5 1 6 6
5 7 4 7 8 1 8 8 9 6
7 1 1 3 2 5 6 7 7 1
10 6 7 9 8 7 1 5 5 4
8 8 10 10 6 6 1 2 3 7
1 9 7 7 9 1 1 4 4 1
4 26 0
2 2 2 2 2 2 2 2 2 2
2 2 2 2 2 2 2 2 2 2
2 2 2 2 2 2 2 2 2 2
2 2 2 2 2 2 2 2 2 2
2 2 2 2 2 2 2 2 2 2
2 2 2 2 2 2 2 2 2 2
2 2 2 2 2 2 2 2 2 2
2 2 2 2 2 2 2 2 2 2
2 2 2 2 2 2 2 2 2 2
2 2 2 2 2 2 2 2 2 2
4 28 1
5 3 9 1 5 9 3 4 10 8
3 8 6 4 5 8 6 10 6 1
2 3 8 1 6 4 9 1 7 4
2 4 1 9 3 7 7 3 2 4
2 3 2 3 6 7 8 2 8 9
1 2 3 1 2 2 9 2 10 4
6 9 8 3 3 3 1 4 3 9
10 9 4 10 3 3 6 10 3 1
5 2 3 4 6 5 5 3 5 10
7 10 1 9 9 10 9 7 3 10
4 29 0
1 1 1 1 1 1 1 1 1 1
1 1 1 1 1 1 1 1 1 1
1 1 1 1 1 1 1 1 1 1
1 1 1 1 1 1 1 1 1 1
1 1 1 1 1 1 1 1 1 1
1 1 1 1 1 1 1 1 1 1
1 1 1 1 1 1 1 1 1 1
1 1 1 1 1 1 1 1 1 1
1 1 1 1 1 1 1 1 1 1
1 1 1 1 1 1 1 1 1 1
4 30 0
1 1 1 1 1 1 1 1 1 1
1 1 1 1 1 1 1 1 1 1
1 1 1 1 1 1 1 1 1 1
1 1 1 1 1 1 1 1 1 1
1 1 1 1 1 1 1 1 1 1
1 1 1 1 1 1 1 1 1 1
1 1 1 1 1 1 1 1 1 1
1 1 1 1 1 1 1 1 1 1
1 1 1 1 1 1 1 1 1 1
1 1 1 1 1 1 1 1 1 1
5 6 1
9 5 2 2 3 1 4 1 3 1
4 5 4 7 4 6 9 7 4 2
9 9 6 10 9 5 8 7 4 9
10 3 5 8 10 8 5 7 7 4
10 4 4 3 9 5 4 8 6 8
8 5 3 4 1 7 5 3 9 3
4 5 8 6 8 8 1 5 5 8
3 3 1 5 7 3 5 8 5 3
8 4 4 10 3 4 2 2 6 6
1 10 8 5 7 7 8 2 2 5
5 10 1
3 9 2 4 1 1 7 7 8 2
1 8 6 2 9 1 2 3 9 8
6 6 5 5 3 7 3 1 2 4
6 3 7 8 1 2 2 9 5 5
3 2 8 2 1 7 8 8 4 1
7 2 9 9 7 5 9 6 4 7
2 3 7 6 10 2 3 6 5 7
7 9 2 10 4 5 7 10 3 6
4 8 6 9 1 2 4 5 9 5
4 3 8 5 7 5 9 4 6 8
5 13 0
2 2 2 2 2 2 2 2 2 2
2 2 2 2 2 2 2 2 2 2
2 2 2 2 2 2 2 2 2 2
2 2 2 2 2 2 2 2 2 2
2 2 2 2 2 2 2 2 2 2
2 2 2 2 2 2 2 2 2 2
2 2 2 2 2 2 2 2 2 2
2 2 2 2 2 2 2 2 2 2
2 2 2 2 2 2 2 2 2 2
2 2 2 2 2 2 2 2 2 2
5 15 0
1 1 1 1 1 1 1 1 1 1
1 1 1 1 1 1 1 1 1 1
1 1 1 1 1 1 1 1 1 1
1 1 1 1 1 1 1 1 1 1
1 1 1 1 1 1 1 1 1 1
1 1 1 1 1 1 1 1 1 1
1 1 1 1 1 1 1 1 1 1
1 1 1 1 1 1 1 1 1 1
1 1 1 1 1 1 1 1 1 1
1 1 1 1 1 1 1 1 1 1
5 16 1
2 7 3 1 6 1 3 1 1 3
7 1 3 4 3 7 8 7 9 5
6 7 10 6 9 8 5 1 4 2
5 5 9 3 8 10 9 7 3 9
2 5 7 6 5 9 5 5 9 3
4 7 9 2 7 1 2 5 8 5
2 6 2 8 3 4 10 6 2 3
9 5 1 10 8 5 2 9 3 7
8 4 7 9 1 2 9 8 7 2
2 5 9 9 3 5 5 1 5 5
5 18 0
2 2 2 2 2 2 2 2 2 2
2 2 2 2 2 2 2 2 2 2
2 2 2 2 2 2 2 2 2 2
2 2 2 2 2 2 2 2 2 2
2 2 2 2 2 2 2 2 2 2
2 2 2 2 2 2 2 2 2 2
2 2 2 2 2 2 2 2 2 2
2 2 2 2 2 2 2 2 2 2
2 2 2 2 2 2 2 2 2 2
2 2 2 2 2 2 2 2 2 2
5 20 0
2 2 2 2 2 2 2 2 2 2
2 2 2 2 2 2 2 2 2 2
2 2 2 2 2 2 2 2 2 2
2 2 2 2 2 2 2 2 2 2
2 2 2 2 2 2 2 2 2 2
2 2 2 2 2 2 2 2 2 2
2 2 2 2 2 2 2 2 2 2
2 2 2 2 2 2 2 2 2 2
2 2 2 2 2 2 2 2 2 2
2 2 2 2 2 2 2 2 2 2
5 21 0
1 1 1 1 1 1 1 1 1 1
1 1 1 1 1 1 1 1 1 1
1 1 1 1 1 1 1 1 1 1
1 1 1 1 1 1 1 1 1 1
1 1 1 1 1 1 1 1 1 1
1 1 1 1 1 1 1 1 1 1
1 1 1 1 1 1 1 1 1 1
1 1 1 1 1 1 1 1 1 1
1 1 1 1 1 1 1 1 1 1
1 1 1 1 1 1 1 1 1 1
5 30 0
2 2 2 2 2 2 2 2 2 2
2 2 2 2 2 2 2 2 2 2
2 2 2 2 2 2 2 2 2 2
2 2 2 2 2 2 2 2 2 2
2 2 2 2 2 2 2 2 2 2
2 2 2 2 2 2 2 2 2 2
2 2 2 2 2 2 2 2 2 2
2 2 2 2 2 2 2 2 2 2
2 2 2 2 2 2 2 2 2 2
2 2 2 2 2 2 2 2 2 2
6 11 1
9 9 10 1 8 10 2 1 9 2
9 2 4 3 7 4 10 4 4 6
8 9 6 3 8 2 7 3 8 3
5 9 5 5 8 1 8 1 8 2
2 7 6 6 3 9 8 8 7 2
8 5 8 6 1 2 10 9 4 3
6 8 4 10 4 2 7 1 1 5
1 4 9 8 5 5 9 4 4 7
8 8 7 5 7 6 2 2 9 10
6 4 2 7 10 7 5 3 8 8
6 14 1
8 7 3 7 6 3 5 6 7 7
3 7 7 1 8 4 4 7 8 9
9 10 7 10 5 2 6 7 9 7
7 10 3 1 9 7 9 4 3 7
5 7 10 1 10 9 8 8 6 9
9 5 6 10 1 4 4 9 2 9
10 9 8 10 9 5 10 10 4 8
8 1 2 4 2 10 5 10 1 10
8 9 7 6 7 2 6 10 7 2
5 1 10 9 2 2 2 10 10 8
6 18 0
1 1 1 1 1 1 1 1 1 1
1 1 1 1 1 1 1 1 1 1
1 1 1 1 1 1 1 1 1 1
1 1 1 1 1 1 1 1 1 1
1 1 1 1 1 1 1 1 1 1
1 1 1 1 1 1 1 1 1 1
1 1 1 1 1 1 1 1 1 1
1 1 1 1 1 1 1 1 1 1
1 1 1 1 1 1 1 1 1 1
1 1 1 1 1 1 1 1 1 1
6 20 1
6 9 10 6 10 5 2 4 1 4
9 9 6 3 5 7 5 3 2 5
2 1 10 8 7 8 8 3 3 7
6 1 8 9 6 1 3 6 10 10
5 6 10 9 7 4 4 10 5 1
10 9 4 10 2 4 9 6 7 9
8 2 2 2 10 2 8 4 6 5
5 9 8 2 1 6 4 7 10 9
10 6 10 1 3 4 8 10 1 5
2 5 2 4 9 4 4 1 4 2
6 24 0
1 1 1 1 1 1 1 1 1 1
1 1 1 1 1 1 1 1 1 1
1 1 1 1 1 1 1 1 1 1
1 1 1 1 1 1 1 1 1 1
1 1 1 1 1 1 1 1 1 1
1 1 1 1 1 1 1 1 1 1
1 1 1 1 1 1 1 1 1 1
1 1 1 1 1 1 1 1 1 1
1 1 1 1 1 1 1 1 1 1
1 1 1 1 1 1 1 1 1 1
6 26 0
1 1 1 1 1 1 1 1 1 1
1 1 1 1 1 1 1 1 1 1
1 1 1 1 1 1 1 1 1 1
1 1 1 1 1 1 1 1 1 1
1 1 1 1 1 1 1 1 1 1
1 1 1 1 1 1 1 1 1 1
1 1 1 1 1 1 1 1 1 1
1 1 1 1 1 1 1 1 1 1
1 1 1 1 1 1 1 1 1 1
1 1 1 1 1 1 1 1 1 1
6 28 1
8 3 7 3 1 9 7 6 7 5
6 2 6 1 2 7 1 9 2 10
2 2 3 10 6 3 8 1 10 7
1 9 7 8 1 10 2 5 6 1
8 8 6 7 5 9 3 8 10 2
8 10 9 5 2 6 5 8 3 3
3 3 7 9 6 3 6 1 2 6
3 8 10 1 2 6 4 9 3 9
3 7 2 3 7 4 6 8 7 6
10 6 2 6 9 1 2 9 3 10
6 29 0
1 1 1 1 1 1 1 1 1 1
1 1 1 1 1 1 1 1 1 1
1 1 1 1 1 1 1 1 1 1
1 1 1 1 1 1 1 1 1 1
1 1 1 1 1 1 1 1 1 1
1 1 1 1 1 1 1 1 1 1
1 1 1 1 1 1 1 1 1 1
1 1 1 1 1 1 1 1 1 1
1 1 1 1 1 1 1 1 1 1
1 1 1 1 1 1 1 1 1 1
6 30 1
10 3 4 10 9 3 2 9 7 6
3 3 5 6 8 3 6 9 1 4
10 4 9 8 9 10 8 10 3 7
7 6 7 5 10 7 6 4 4 3
2 3 9 10 7 9 10 8 6 2
3 4 10 7 3 10 10 7 2 8
3 8 2 7 7 9 1 8 7 7
10 10 5 1 6 7 9 5 1 10
1 10 10 5 6 4 3 1 2 5
3 1 2 5 7 3 6 3 8 8
7 9 1
2 2 6 5 4 9 5 8 2 9
4 9 5 3 8 8 5 2 10 6
4 5 3 3 4 7 3 1 5 8
1 7 1 5 9 10 6 8 3 7
5 3 5 2 10 9 7 6 4 4
2 1 4 6 2 2 3 4 7 9
2 3 1 10 2 10 4 3 4 2
10 5 10 3 8 4 10 3 4 7
3 5 1 1 8 5 8 5 6 4
2 2 5 9 10 9 7 7 7 4
7 10 1
2 5 7 5 4 6 3 4 10 1
3 5 7 6 5 8 9 9 8 5
6 10 10 6 4 5 7 9 6 10
2 2 7 5 2 10 9 8 4 7
9 6 9 5 8 1 9 6 6 4
7 3 5 9 4 10 5 3 8 5
7 10 6 1 8 3 1 10 8 10
1 3 8 8 2 2 2 7 3 1
4 6 5 10 10 3 8 3 2 6
2 5 6 7 10 4 10 1 9 2
7 18 0
2 2 2 2 2 2 2 2 2 2
2 2 2 2 2 2 2 2 2 2
2 2 2 2 2 2 2 2 2 2
2 2 2 2 2 2 2 2 2 2
2 2 2 2 2 2 2 2 2 2
2 2 2 2 2 2 2 2 2 2
2 2 2 2 2 2 2 2 2 2
2 2 2 2 2 2 2 2 2 2
2 2 2 2 2 2 2 2 2 2
2 2 2 2 2 2 2 2 2 2
7 19 1
8 3 10 7 4 4 7 10 6 6
10 4 10 4 3 2 8 8 4 4
2 9 7 2 6 8 10 4 1 9
5 4 3 4 9 7 10 4 8 8
4 9 2 9 7 4 3 3 8 4
4 7 10 4 9 3 10 2 7 1
8 4 4 3 5 4 9 8 8 5
8 6 3 2 3 10 1 7 3 7
5 7 8 10 1 5 10 3 7 5
6 7 8 4 9 1 4 9 1 4
7 20 1
6 3 2 6 10 10 5 6 9 4
3 1 10 9 4 2 6 3 6 2
8 8 9 6 5 9 10 5 8 1
10 1 6 10 5 7 5 8 4 1
1 3 4 9 8 3 10 10 8 1
1 9 8 1 8 5 10 4 10 5
3 1 2 3 3 6 6 4 4 1
1 1 2 8 10 5 5 7 1 1
9 10 7 9 8 4 3 8 6 10
8 2 3 3 4 3 7 9 1 10
7 21 0
2 2 2 2 2 2 2 2 2 2
2 2 2 2 2 2 2 2 2 2
2 2 2 2 2 2 2 2 2 2
2 2 2 2 2 2 2 2 2 2
2 2 2 2 2 2 2 2 2 2
2 2 2 2 2 2 2 2 2 2
2 2 2 2 2 2 2 2 2 2
2 2 2 2 2 2 2 2 2 2
2 2 2 2 2 2 2 2 2 2
2 2 2 2 2 2 2 2 2 2
7 27 0
2 2 2 2 2 2 2 2 2 2
2 2 2 2 2 2 2 2 2 2
2 2 2 2 2 2 2 2 2 2
2 2 2 2 2 2 2 2 2 2
2 2 2 2 2 2 2 2 2 2
2 2 2 2 2 2 2 2 2 2
2 2 2 2 2 2 2 2 2 2
2 2 2 2 2 2 2 2 2 2
2 2 2 2 2 2 2 2 2 2
2 2 2 2 2 2 2 2 2 2
7 28 0
1 1 1 1 1 1 1 1 1 1
1 1 1 1 1 1 1 1 1 1
1 1 1 1 1 1 1 1 1 1
1 1 1 1 1 1 1 1 1 1
1 1 1 1 1 1 1 1 1 1
1 1 1 1 1 1 1 1 1 1
1 1 1 1 1 1 1 1 1 1
1 1 1 1 1 1 1 1 1 1
1 1 1 1 1 1 1 1 1 1
1 1 1 1 1 1 1 1 1 1
7 29 0
2 2 2 2 2 2 2 2 2 2
2 2 2 2 2 2 2 2 2 2
2 2 2 2 2 2 2 2 2 2
2 2 2 2 2 2 2 2 2 2
2 2 2 2 2 2 2 2 2 2
2 2 2 2 2 2 2 2 2 2
2 2 2 2 2 2 2 2 2 2
2 2 2 2 2 2 2 2 2 2
2 2 2 2 2 2 2 2 2 2
2 2 2 2 2 2 2 2 2 2
8 11 0
1 1 1 1 1 1 1 1 1 1
1 1 1 1 1 1 1 1 1 1
1 1 1 1 1 1 1 1 1 1
1 1 1 1 1 1 1 1 1 1
1 1 1 1 1 1 1 1 1 1
1 1 1 1 1 1 1 1 1 1
1 1 1 1 1 1 1 1 1 1
1 1 1 1 1 1 1 1 1 1
1 1 1 1 1 1 1 1 1 1
1 1 1 1 1 1 1 1 1 1
8 13 0
1 1 1 1 1 1 1 1 1 1
1 1 1 1 1 1 1 1 1 1
1 1 1 1 1 1 1 1 1 1
1 1 1 1 1 1 1 1 1 1
1 1 1 1 1 1 1 1 1 1
1 1 1 1 1 1 1 1 1 1
1 1 1 1 1 1 1 1 1 1
1 1 1 1 1 1 1 1 1 1
1 1 1 1 1 1 1 1 1 1
1 1 1 1 1 1 1 1 1 1
8 14 0
2 2 2 2 2 2 2 2 2 2
2 2 2 2 2 2 2 2 2 2
2 2 2 2 2 2 2 2 2 2
2 2 2 2 2 2 2 2 2 2
2 2 2 2 2 2 2 2 2 2
2 2 2 2 2 2 2 2 2 2
2 2 2 2 2 2 2 2 2 2
2 2 2 2 2 2 2 2 2 2
2 2 2 2 2 2 2 2 2 2
2 2 2 2 2 2 2 2 2 2
8 15 0
2 2 2 2 2 2 2 2 2 2
2 2 2 2 2 2 2 2 2 2
2 2 2 2 2 2 2 2 2 2
2 2 2 2 2 2 2 2 2 2
2 2 2 2 2 2 2 2 2 2
2 2 2 2 2 2 2 2 2 2
2 2 2 2 2 2 2 2 2 2
2 2 2 2 2 2 2 2 2 2
2 2 2 2 2 2 2 2 2 2
2 2 2 2 2 2 2 2 2 2
8 16 0
2 2 2 2 2 2 2 2 2 2
2 2 2 2 2 2 2 2 2 2
2 2 2 2 2 2 2 2 2 2
2 2 2 2 2 2 2 2 2 2
2 2 2 2 2 2 2 2 2 2
2 2 2 2 2 2 2 2 2 2
2 2 2 2 2 2 2 2 2 2
2 2 2 2 2 2 2 2 2 2
2 2 2 2 2 2 2 2 2 2
2 2 2 2 2 2 2 2 2 2
8 18 0
1 1 1 1 1 1 1 1 1 1
1 1 1 1 1 1 1 1 1 1
1 1 1 1 1 1 1 1 1 1
1 1 1 1 1 1 1 1 1 1
1 1 1 1 1 1 1 1 1 1
1 1 1 1 1 1 1 1 1 1
1 1 1 1 1 1 1 1 1 1
1 1 1 1 1 1 1 1 1 1
1 1 1 1 1 1 1 1 1 1
1 1 1 1 1 1 1 1 1 1
8 19 1
3 6 10 9 8 10 8 3 9 8
9 2 10 8 4 8 1 6 4 1
10 10 4 10 7 4 5 7 1 6
1 1 4 4 10 8 5 4 7 2
4 3 5 2 4 9 8 7 1 9
2 5 6 2 10 4 5 3 6 5
1 1 2 5 10 10 2 4 10 10
5 7 8 6 7 1 10 2 10 9
5 4 6 1 10 4 2 7 3 3
2 6 8 6 3 7 7 4 1 2
8 22 1
7 6 1 7 10 7 2 5 5 10
5 5 2 5 4 4 9 1 6 6
4 1 6 9 1 4 7 2 10 10
5 4 4 10 3 8 9 7 10 6
4 1 6 6 6 3 1 9 10 5
4 4 6 4 5 4 1 8 1 1
10 1 7 10 10 6 9 5 4 9
7 10 8 2 4 7 5 10 7 2
7 7 9 4 5 2 5 1 10 10
5 3 9 3 10 9 5 9 1 8
8 23 1
9 2 9 8 5 5 7 1 10 9
3 1 5 6 6 3 5 9 1 3
10 7 9 8 8 2 8 7 5 9
1 4 7 1 4 1 6 10 8 3
6 7 6 8 5 1 3 3 5 7
1 5 5 9 6 8 3 1 1 5
1 9 5 1 4 2 5 2 10 5
1 6 2 5 10 5 8 1 9 8
1 3 8 9 2 3 8 8 1 2
4 1 3 5 2 8 1 4 9 10
8 24 1
7 9 9 9 8 8 8 7 7 9
8 3 10 10 1 6 9 4 3 1
4 8 9 1 6 9 9 9 8 5
9 7 3 3 3 3 10 6 5 3
3 1 10 6 6 6 10 6 5 1
8 7 1 8 1 10 6 2 5 2
8 4 4 4 7 3 5 7 10 4
7 10 3 8 4 8 4 3 6 4
4 8 6 5 10 8 1 1 10 1
1 6 1 9 6 3 4 1 10 4
8 25 0
2 2 2 2 2 2 2 2 2 2
2 2 2 2 2 2 2 2 2 2
2 2 2 2 2 2 2 2 2 2
2 2 2 2 2 2 2 2 2 2
2 2 2 2 2 2 2 2 2 2
2 2 2 2 2 2 2 2 2 2
2 2 2 2 2 2 2 2 2 2
2 2 2 2 2 2 2 2 2 2
2 2 2 2 2 2 2 2 2 2
2 2 2 2 2 2 2 2 2 2
8 26 1
6 10 8 1 4 9 2 1 3 1
5 7 7 8 2 6 1 6 8 10
5 6 2 7 10 5 1 5 6 4
9 9 10 8 3 1 9 8 9 2
2 3 8 7 2 2 8 8 4 3
7 4 1 9 10 6 10 3 9 4
5 7 1 5 7 10 3 3 5 7
9 5 2 3 8 8 7 3 4 5
2 4 8 5 4 6 4 4 6 10
10 1 9 3 10 5 5 3 4 5
8 27 1
9 7 10 7 6 1 1 5 10 4
3 10 6 10 9 7 6 1 5 9
8 4 5 8 7 7 7 7 4 6
5 8 10 3 10 7 3 8 3 6
3 2 1 7 9 4 5 2 9 3
2 10 5 8 2 5 5 3 2 5
2 2 4 2 9 4 10 9 8 10
6 4 1 3 7 2 8 1 2 6
8 1 1 5 7 4 2 4 6 8
2 8 1 4 2 7 7 7 3 3
8 29 1
6 2 9 6 6 5 10 10 9 3
4 8 1 1 6 2 7 7 7 2
2 6 4 6 6 10 7 10 9 4
9 4 1 7 9 8 1 4 10 10
7 10 9 10 10 10 6 3 4 1
7 8 8 9 1 4 8 8 4 3
2 2 2 5 10 3 2 9 5 1
5 3 7 10 10 2 3 1 1 1
4 3 6 10 2 2 6 5 1 8
4 9 8 6 8 7 9 4 1 10
8 30 1
7 6 7 3 6 9 5 3 8 1
10 7 6 5 9 6 6 9 6 6
9 1 8 8 4 6 6 5 5 5
4 5 7 7 4 10 7 6 8 9
9 2 3 7 2 1 10 7 7 9
9 4 6 10 9 6 6 1 6 6
8 5 6 6 4 8 10 3 9 3
5 4 6 4 10 6 4 6 7 5
9 8 1 2 7 5 5 3 3 1
5 3 9 9 5 5 1 1 3 3
9 11 0
2 2 2 2 2 2 2 2 2 2
2 2 2 2 2 2 2 2 2 2
2 2 2 2 2 2 2 2 2 2
2 2 2 2 2 2 2 2 2 2
2 2 2 2 2 2 2 2 2 2
2 2 2 2 2 2 2 2 2 2
2 2 2 2 2 2 2 2 2 2
2 2 2 2 2 2 2 2 2 2
2 2 2 2 2 2 2 2 2 2
2 2 2 2 2 2 2 2 2 2
9 12 1
9 2 5 4 6 8 8 7 5 7
2 9 2 10 2 2 10 1 2 10
2 2 4 4 9 5 4 8 8 1
5 2 10 9 2 6 4 10 1 10
9 3 9 9 8 4 6 3 10 10
7 8 4 9 1 8 5 7 2 8
10 1 6 4 1 7 1 4 6 1
10 2 10 6 5 10 2 1 5 7
4 4 7 5 5 8 5 10 7 7
3 7 6 5 6 8 7 8 9 10
9 13 1
9 8 6 10 2 3 4 8 2 7
5 1 6 5 4 1 5 5 7 2
6 10 10 9 2 6 1 6 1 8
8 10 2 4 1 6 1 5 1 9
8 1 3 1 8 10 9 1 3 3
2 7 10 8 1 10 2 8 9 2
9 9 6 6 8 6 5 6 4 4
3 4 3 5 7 3 7 3 5 1
10 3 4 4 10 5 6 9 3 1
2 8 5 3 10 1 1 8 9 8
9 14 1
5 2 3 6 8 4 1 5 3 9
6 8 4 10 7 6 6 9 10 6
3 9 4 10 10 4 8 7 1 2
2 3 3 3 7 1 8 8 3 6
7 1 10 2 8 5 3 1 6 3
2 2 5 3 7 3 5 10 8 1
9 2 4 6 8 7 9 3 1 7
10 1 3 1 10 2 1 6 2 7
9 5 8 4 1 10 2 10 4 5
5 5 5 5 6 10 4 5 8 8
9 15 1
7 1 7 6 1 7 7 3 10 4
3 3 8 1 6 4 8 7 7 1
8 8 9 5 7 1 10 10 10 6
2 5 3 4 3 9 3 1 9 2
4 4 1 8 7 4 6 10 10 1
4 10 9 4 8 2 9 8 5 3
1 6 1 10 9 7 4 2 9 6
8 3 5 5 3 2 9 3 10 1
5 1 6 8 7 8 4 7 9 4
7 7 5 9 5 9 2 8 4 10
9 17 0
1 1 1 1 1 1 1 1 1 1
1 1 1 1 1 1 1 1 1 1
1 1 1 1 1 1 1 1 1 1
1 1 1 1 1 1 1 1 1 1
1 1 1 1 1 1 1 1 1 1
1 1 1 1 1 1 1 1 1 1
1 1 1 1 1 1 1 1 1 1
1 1 1 1 1 1 1 1 1 1
1 1 1 1 1 1 1 1 1 1
1 1 1 1 1 1 1 1 1 1
9 18 0
1 1 1 1 1 1 1 1 1 1
1 1 1 1 1 1 1 1 1 1
1 1 1 1 1 1 1 1 1 1
1 1 1 1 1 1 1 1 1 1
1 1 1 1 1 1 1 1 1 1
1 1 1 1 1 1 1 1 1 1
1 1 1 1 1 1 1 1 1 1
1 1 1 1 1 1 1 1 1 1
1 1 1 1 1 1 1 1 1 1
1 1 1 1 1 1 1 1 1 1
9 22 1
2 5 6 4 4 1 6 5 2 1
7 3 7 4 8 7 3 1 3 6
5 8 6 4 8 8 7 8 4 6
5 10 7 1 4 7 6 9 1 3
7 1 5 9 2 8 5 10 2 1
5 8 9 9 3 1 7 9 7 7
8 3 3 8 8 9 6 1 9 10
1 5 9 6 10 3 5 1 3 5
10 4 2 6 7 9 7 4 5 10
10 1 1 7 6 10 2 10 9 4
9 23 1
1 1 2 4 4 8 3 10 3 8
7 2 10 5 5 2 2 5 2 6
6 2 7 3 10 3 8 6 8 9
6 7 4 2 2 8 2 4 1 4
9 3 6 4 5 5 10 3 8 3
2 7 4 3 10 2 10 9 9 5
10 2 10 5 7 8 3 3 2 1
10 3 5 1 1 6 10 5 2 1
7 10 3 6 8 2 2 1 10 6
8 3 4 9 2 6 3 1 5 9
9 27 1
4 9 9 1 1 3 4 4 8 8
10 8 3 2 10 4 6 8 3 4
9 3 7 4 6 10 5 4 4 6
2 7 7 3 4 9 5 4 2 6
2 6 5 2 2 9 5 8 1 5
9 8 6 7 9 9 2 8 3 5
9 8 10 2 2 4 10 3 4 8
5 4 3 10 6 6 7 2 10 10
8 2 5 9 7 4 7 8 7 2
3 10 9 7 4 10 4 4 6 9
9 30 1
4 5 6 8 10 4 10 9 6 10
1 10 10 9 1 4 5 1 6 10
8 3 1 8 4 4 6 5 8 6
10 6 8 2 1 1 6 8 8 5
2 9 4 9 6 3 10 8 1 6
1 6 1 4 8 7 1 2 6 10
2 9 8 5 10 6 5 9 4 3
9 8 8 10 5 8 4 7 4 10
3 2 5 3 8 8 1 6 5 7
3 3 3 1 9 1 7 9 10 4
10 11 1
7 1 9 6 3 10 3 2 9 5
1 6 3 2 3 9 8 8 4 9
7 7 7 5 5 5 10 2 9 8
1 2 8 6 9 5 6 1 1 10
1 10 8 9 3 10 10 10 6 5
1 9 7 7 9 1 5 3 9 6
7 7 10 6 7 10 1 9 1 10
5 2 2 4 5 9 10 2 3 10
6 5 5 1 9 5 6 3 5 4
4 7 9 4 8 8 5 9 9 10
10 13 1
10 8 6 1 5 7 10 9 5 3
3 5 5 1 7 10 2 8 3 8
2 7 9 10 4 5 4 4 2 1
2 9 1 6 3 7 8 6 6 2
2 7 3 7 5 9 9 6 5 5
7 10 10 9 1 5 2 3 10 10
3 9 1 4 1 3 2 9 6 6
4 2 1 6 1 6 8 7 7 6
1 5 1 3 4 5 9 10 10 1
4 1 9 1 7 7 4 7 5 1
10 15 1
5 3 7 3 7 2 4 1 4 10
8 4 8 8 9 2 9 5 8 6
3 9 9 7 1 6 9 8 6 8
3 7 1 7 2 3 5 1 8 7
10 6 8 3 5 8 4 8 8 5
7 7 6 5 2 3 9 10 4 9
6 6 8 10 9 2 3 10 5 6
9 1 1 8 9 5 4 3 2 5
6 1 5 9 8 3 4 7 10 4
10 6 5 7 10 9 8 2 1 10
10 22 1
4 6 3 2 7 8 10 9 8 10
1 8 3 2 6 7 5 10 7 4
7 5 4 6 7 9 6 1 2 5
9 7 4 10 3 7 7 5 7 1
10 2 3 8 7 7 10 1 9 3
4 9 4 4 7 10 4 9 1 8
2 3 2 6 10 4 9 9 4 8
8 7 3 4 2 2 5 6 2 9
10 2 3 2 7 3 7 7 10 10
6 2 9 3 9 7 1 3 10 4
10 23 1
6 3 6 9 3 6 1 3 1 2
8 2 4 4 9 6 2 5 3 2
10 1 4 8 6 4 3 1 7 3
9 2 6 1 2 1 2 5 1 4
3 10 9 7 2 5 7 4 9 8
7 8 9 4 5 10 5 2 1 4
1 2 8 9 9 6 8 3 10 7
8 5 1 2 7 5 10 2 10 4
8 9 6 9 1 9 2 1 2 6
6 7 5 8 4 2 8 5 8 1
10 24 0
1 1 1 1 1 1 1 1 1 1
1 1 1 1 1 1 1 1 1 1
1 1 1 1 1 1 1 1 1 1
1 1 1 1 1 1 1 1 1 1
1 1 1 1 1 1 1 1 1 1
1 1 1 1 1 1 1 1 1 1
1 1 1 1 1 1 1 1 1 1
1 1 1 1 1 1 1 1 1 1
1 1 1 1 1 1 1 1 1 1
1 1 1 1 1 1 1 1 1 1
10 25 0
1 1 1 1 1 1 1 1 1 1
1 1 1 1 1 1 1 1 1 1
1 1 1 1 1 1 1 1 1 1
1 1 1 1 1 1 1 1 1 1
1 1 1 1 1 1 1 1 1 1
1 1 1 1 1 1 1 1 1 1
1 1 1 1 1 1 1 1 1 1
1 1 1 1 1 1 1 1 1 1
1 1 1 1 1 1 1 1 1 1
1 1 1 1 1 1 1 1 1 1
10 27 1
2 1 5 8 7 5 2 1 10 3
3 10 9 4 6 6 8 10 2 10
9 2 2 10 1 4 4 3 1 4
2 3 1 3 6 9 2 8 5 1
3 5 4 9 4 8 1 1 9 8
6 5 2 1 3 7 1 1 4 10
10 3 10 2 8 7 2 4 3 5
9 9 1 1 8 4 8 4 1 9
10 5 6 5 5 3 9 2 5 6
8 6 3 10 10 8 8 3 7 3
10 28 1
3 3 10 1 8 9 9 6 4 2
9 4 3 5 6 3 2 10 2 8
1 2 8 3 2 10 7 3 4 7
2 10 9 4 2 6 6 8 9 7
4 10 10 5 7 10 9 7 7 7
6 4 8 4 8 8 10 1 9 3
4 2 3 3 7 9 7 7 1 3
6 2 6 1 5 9 10 6 3 2
7 1 6 2 2 1 2 9 4 1
6 9 4 9 10 8 10 4 7 10
10 29 1
5 4 7 8 5 8 8 9 9 5
8 2 1 7 1 10 6 6 1 8
6 7 3 1 5 10 4 9 2 6
3 9 8 8 2 4 5 2 6 2
9 8 4 2 8 3 8 9 6 8
10 5 3 1 8 5 8 5 10 5
5 5 6 6 5 9 7 4 10 7
8 8 4 10 3 7 6 6 7 6
2 10 1 10 10 7 2 8 3 5
9 3 4 10 8 1 4 7 2 9
11 13 0
2 2 2 2 2 2 2 2 2 2
2 2 2 2 2 2 2 2 2 2
2 2 2 2 2 2 2 2 2 2
2 2 2 2 2 2 2 2 2 2
2 2 2 2 2 2 2 2 2 2
2 2 2 2 2 2 2 2 2 2
2 2 2 2 2 2 2 2 2 2
2 2 2 2 2 2 2 2 2 2
2 2 2 2 2 2 2 2 2 2
2 2 2 2 2 2 2 2 2 2
11 15 0
1 1 1 1 1 1 1 1 1 1
1 1 1 1 1 1 1 1 1 1
1 1 1 1 1 1 1 1 1 1
1 1 1 1 1 1 1 1 1 1
1 1 1 1 1 1 1 1 1 1
1 1 1 1 1 1 1 1 1 1
1 1 1 1 1 1 1 1 1 1
1 1 1 1 1 1 1 1 1 1
1 1 1 1 1 1 1 1 1 1
1 1 1 1 1 1 1 1 1 1
11 17 0
2 2 2 2 2 2 2 2 2 2
2 2 2 2 2 2 2 2 2 2
2 2 2 2 2 2 2 2 2 2
2 2 2 2 2 2 2 2 2 2
2 2 2 2 2 2 2 2 2 2
2 2 2 2 2 2 2 2 2 2
2 2 2 2 2 2 2 2 2 2
2 2 2 2 2 2 2 2 2 2
2 2 2 2 2 2 2 2 2 2
2 2 2 2 2 2 2 2 2 2
11 19 1
7 7 5 10 8 9 4 1 7 10
9 3 10 9 2 8 7 2 6 1
10 2 5 1 10 10 7 4 8 6
6 2 1 1 7 9 7 6 4 6
3 2 3 4 7 4 3 3 8 9
7 5 3 9 2 8 8 10 9 8
10 9 6 2 6 10 6 9 10 4
10 6 8 9 4 5 3 1 10 3
8 2 1 2 2 6 5 4 6 6
7 2 9 6 2 6 9 6 1 7
11 20 1
2 5 6 9 7 3 8 3 3 3
5 3 4 1 5 6 8 7 9 10
5 3 9 3 9 6 8 6 8 5
9 3 2 2 10 4 5 1 3 1
8 5 1 6 2 5 5 2 5 9
8 3 3 8 3 2 2 6 4 2
6 8 9 1 1 5 9 3 1 10
4 9 6 10 2 9 4 7 5 3
4 7 8 1 1 3 4 1 5 4
6 9 10 2 3 6 4 4 10 6
11 22 0
2 2 2 2 2 2 2 2 2 2
2 2 2 2 2 2 2 2 2 2
2 2 2 2 2 2 2 2 2 2
2 2 2 2 2 2 2 2 2 2
2 2 2 2 2 2 2 2 2 2
2 2 2 2 2 2 2 2 2 2
2 2 2 2 2 2 2 2 2 2
2 2 2 2 2 2 2 2 2 2
2 2 2 2 2 2 2 2 2 2
2 2 2 2 2 2 2 2 2 2
11 23 0
2 2 2 2 2 2 2 2 2 2
2 2 2 2 2 2 2 2 2 2
2 2 2 2 2 2 2 2 2 2
2 2 2 2 2 2 2 2 2 2
2 2 2 2 2 2 2 2 2 2
2 2 2 2 2 2 2 2 2 2
2 2 2 2 2 2 2 2 2 2
2 2 2 2 2 2 2 2 2 2
2 2 2 2 2 2 2 2 2 2
2 2 2 2 2 2 2 2 2 2
11 24 0
2 2 2 2 2 2 2 2 2 2
2 2 2 2 2 2 2 2 2 2
2 2 2 2 2 2 2 2 2 2
2 2 2 2 2 2 2 2 2 2
2 2 2 2 2 2 2 2 2 2
2 2 2 2 2 2 2 2 2 2
2 2 2 2 2 2 2 2 2 2
2 2 2 2 2 2 2 2 2 2
2 2 2 2 2 2 2 2 2 2
2 2 2 2 2 2 2 2 2 2
11 26 1
4 9 6 10 2 3 1 3 9 4
5 6 5 7 2 8 10 8 9 2
3 9 5 5 3 6 9 10 7 7
1 6 3 8 10 9 6 7 4 8
4 2 1 5 1 7 10 9 6 8
10 9 7 1 9 4 6 6 4 10
6 9 9 4 5 10 2 9 4 2
9 3 5 3 5 3 2 5 7 4
7 3 10 6 8 4 5 6 4 5
1 1 4 6 7 2 1 4 8 7
11 29 0
2 2 2 2 2 2 2 2 2 2
2 2 2 2 2 2 2 2 2 2
2 2 2 2 2 2 2 2 2 2
2 2 2 2 2 2 2 2 2 2
2 2 2 2 2 2 2 2 2 2
2 2 2 2 2 2 2 2 2 2
2 2 2 2 2 2 2 2 2 2
2 2 2 2 2 2 2 2 2 2
2 2 2 2 2 2 2 2 2 2
2 2 2 2 2 2 2 2 2 2
12 14 1
5 8 8 6 3 10 1 6 1 9
6 9 10 1 8 1 7 3 8 4
5 9 10 3 4 8 3 5 4 6
7 3 4 5 10 4 2 4 10 8
2 2 3 1 5 7 4 9 3 9
2 3 7 3 2 10 2 6 10 2
10 6 10 9 9 10 7 3 1 5
9 9 1 8 1 3 2 5 2 10
5 6 10 3 5 3 1 2 4 9
2 5 2 1 6 3 4 10 2 6
12 17 0
1 1 1 1 1 1 1 1 1 1
1 1 1 1 1 1 1 1 1 1
1 1 1 1 1 1 1 1 1 1
1 1 1 1 1 1 1 1 1 1
1 1 1 1 1 1 1 1 1 1
1 1 1 1 1 1 1 1 1 1
1 1 1 1 1 1 1 1 1 1
1 1 1 1 1 1 1 1 1 1
1 1 1 1 1 1 1 1 1 1
1 1 1 1 1 1 1 1 1 1
12 18 0
2 2 2 2 2 2 2 2 2 2
2 2 2 2 2 2 2 2 2 2
2 2 2 2 2 2 2 2 2 2
2 2 2 2 2 2 2 2 2 2
2 2 2 2 2 2 2 2 2 2
2 2 2 2 2 2 2 2 2 2
2 2 2 2 2 2 2 2 2 2
2 2 2 2 2 2 2 2 2 2
2 2 2 2 2 2 2 2 2 2
2 2 2 2 2 2 2 2 2 2
12 19 1
1 8 4 7 1 10 1 8 3 3
2 9 5 4 3 4 10 8 1 5
8 8 3 7 9 1 4 4 10 1
4 10 2 7 7 5 9 7 1 7
3 1 3 3 9 5 3 8 3 7
3 6 4 6 6 3 2 6 1 2
8 9 9 8 7 9 3 1 4 1
9 6 9 10 7 7 9 9 9 6
8 2 3 8 9 4 5 6 8 5
2 6 6 9 7 4 8 3 7 8
12 20 0
2 2 2 2 2 2 2 2 2 2
2 2 2 2 2 2 2 2 2 2
2 2 2 2 2 2 2 2 2 2
2 2 2 2 2 2 2 2 2 2
2 2 2 2 2 2 2 2 2 2
2 2 2 2 2 2 2 2 2 2
2 2 2 2 2 2 2 2 2 2
2 2 2 2 2 2 2 2 2 2
2 2 2 2 2 2 2 2 2 2
2 2 2 2 2 2 2 2 2 2
12 22 1
7 9 2 1 1 5 6 10 2 9
3 10 7 2 9 9 4 3 4 10
7 1 6 10 10 3 3 8 7 4
4 9 1 10 10 1 8 3 6 6
2 6 10 2 7 2 4 6 10 4
4 3 1 9 6 8 9 10 2 1
9 4 4 1 1 5 2 6 10 2
2 5 2 7 5 7 6 8 3 8
1 4 9 2 3 9 6 4 10 1
3 4 7 5 1 5 1 8 1 7
12 24 0
1 1 1 1 1 1 1 1 1 1
1 1 1 1 1 1 1 1 1 1
1 1 1 1 1 1 1 1 1 1
1 1 1 1 1 1 1 1 1 1
1 1 1 1 1 1 1 1 1 1
1 1 1 1 1 1 1 1 1 1
1 1 1 1 1 1 1 1 1 1
1 1 1 1 1 1 1 1 1 1
1 1 1 1 1 1 1 1 1 1
1 1 1 1 1 1 1 1 1 1
12 30 1
8 8 7 8 3 4 1 5 3 5
1 5 6 9 6 5 1 3 10 3
9 10 2 1 3 8 4 8 8 7
4 2 7 6 2 9 2 2 3 6
4 5 7 6 9 6 3 3 5 3
7 1 8 6 7 8 3 5 9 1
5 3 8 3 3 9 7 10 2 5
9 3 10 4 1 3 8 1 7 10
2 8 2 2 4 1 10 1 10 3
9 2 6 2 5 3 7 6 7 6
13 15 1
1 1 8 7 3 4 3 3 4 5
6 10 10 6 4 8 9 9 9 2
1 3 6 3 9 1 1 4 6 4
6 3 6 7 10 4 5 4 3 10
7 6 8 10 2 5 10 8 10 1
5 8 4 10 4 8 10 8 4 5
1 1 3 9 4 7 4 3 4 7
3 5 1 8 10 9 8 9 8 9
6 8 7 9 8 10 7 10 6 8
7 7 10 2 4 6 2 8 4 5
13 16 1
6 6 4 9 2 8 8 7 2 8
2 9 10 8 1 9 2 7 8 9
4 10 10 7 2 3 2 10 5 4
7 6 4 1 8 9 4 9 8 9
9 3 9 5 3 9 2 2 6 1
9 9 10 5 1 2 4 9 3 5
1 2 6 5 8 4 5 5 1 10
2 10 1 9 5 1 10 5 7 10
1 5 3 2 1 9 7 3 7 4
7 9 2 3 5 10 5 6 8 4
13 17 0
2 2 2 2 2 2 2 2 2 2
2 2 2 2 2 2 2 2 2 2
2 2 2 2 2 2 2 2 2 2
2 2 2 2 2 2 2 2 2 2
2 2 2 2 2 2 2 2 2 2
2 2 2 2 2 2 2 2 2 2
2 2 2 2 2 2 2 2 2 2
2 2 2 2 2 2 2 2 2 2
2 2 2 2 2 2 2 2 2 2
2 2 2 2 2 2 2 2 2 2
13 19 1
10 7 6 5 4 7 7 5 3 7
8 8 5 4 8 6 10 9 10 8
9 4 1 3 6 6 8 6 2 10
9 5 2 9 5 5 7 5 9 10
4 1 4 1 5 3 9 10 3 9
7 9 10 9 1 8 1 8 4 9
7 4 3 1 1 10 10 1 3 1
7 7 8 4 3 8 8 4 7 2
1 6 6 10 2 6 9 6 8 9
8 3 2 9 4 8 8 8 9 4
13 20 1
5 1 4 6 2 3 6 8 6 4
6 8 1 5 4 9 1 9 3 7
3 2 2 8 5 3 10 5 9 7
8 2 4 7 3 10 7 6 3 5
7 1 1 2 2 2 10 9 3 4
5 6 3 7 8 8 6 9 1 10
1 8 3 4 7 7 9 3 7 5
2 10 4 2 1 8 6 1 9 7
3 8 6 4 3 4 3 5 2 2
4 1 5 7 7 7 4 9 6 7
13 21 0
1 1 1 1 1 1 1 1 1 1
1 1 1 1 1 1 1 1 1 1
1 1 1 1 1 1 1 1 1 1
1 1 1 1 1 1 1 1 1 1
1 1 1 1 1 1 1 1 1 1
1 1 1 1 1 1 1 1 1 1
1 1 1 1 1 1 1 1 1 1
1 1 1 1 1 1 1 1 1 1
1 1 1 1 1 1 1 1 1 1
1 1 1 1 1 1 1 1 1 1
13 22 1
8 4 3 5 3 2 3 4 9 6
6 1 8 1 7 10 6 4 1 8
10 7 2 4 4 8 2 8 8 7
1 2 10 6 8 3 2 3 6 7
10 6 3 4 7 6 6 8 6 9
1 6 4 5 1 4 3 10 6 4
3 8 5 6 4 7 8 9 8 8
1 6 8 2 9 7 3 5 8 8
4 5 10 8 8 2 8 10 5 4
4 5 2 5 2 6 3 9 4 3
13 25 1
6 1 6 7 5 3 3 9 1 1
4 2 5 6 9 7 3 7 10 10
4 4 9 7 4 8 4 2 8 9
9 10 3 1 6 1 7 1 6 5
9 2 1 4 5 9 10 8 5 9
8 2 1 2 10 1 7 9 1 8
10 10 5 7 3 2 8 8 3 4
10 7 3 8 1 2 2 6 8 1
6 10 5 7 8 7 1 2 1 5
2 2 5 10 8 6 8 3 4 8
14 16 0
1 1 1 1 1 1 1 1 1 1
1 1 1 1 1 1 1 1 1 1
1 1 1 1 1 1 1 1 1 1
1 1 1 1 1 1 1 1 1 1
1 1 1 1 1 1 1 1 1 1
1 1 1 1 1 1 1 1 1 1
1 1 1 1 1 1 1 1 1 1
1 1 1 1 1 1 1 1 1 1
1 1 1 1 1 1 1 1 1 1
1 1 1 1 1 1 1 1 1 1
14 18 1
6 4 8 3 8 9 2 8 2 2
4 6 3 7 9 6 6 8 9 6
4 6 4 3 1 10 7 10 6 10
1 4 9 9 6 1 1 9 8 6
2 6 8 2 7 9 7 3 10 4
10 3 2 9 3 4 2 10 4 2
6 5 6 7 8 1 5 7 4 1
2 4 1 2 2 2 5 6 8 4
10 7 3 1 1 7 3 4 7 7
7 6 1 10 3 9 4 9 1 5
14 19 1
2 8 4 1 7 1 8 8 5 7
3 8 9 4 10 1 9 10 3 3
9 7 6 7 7 3 3 6 4 6
2 8 1 5 6 8 7 6 4 5
3 6 7 4 9 9 6 6 6 10
9 10 9 5 10 5 7 8 2 10
5 7 3 10 5 9 10 9 5 1
8 4 7 8 2 2 10 4 8 4
3 10 9 7 8 4 9 5 7 10
6 3 3 7 6 8 6 3 6 8
14 20 0
2 2 2 2 2 2 2 2 2 2
2 2 2 2 2 2 2 2 2 2
2 2 2 2 2 2 2 2 2 2
2 2 2 2 2 2 2 2 2 2
2 2 2 2 2 2 2 2 2 2
2 2 2 2 2 2 2 2 2 2
2 2 2 2 2 2 2 2 2 2
2 2 2 2 2 2 2 2 2 2
2 2 2 2 2 2 2 2 2 2
2 2 2 2 2 2 2 2 2 2
14 21 1
5 9 7 9 10 1 5 9 5 3
9 7 6 6 7 4 9 7 2 8
5 7 9 5 5 1 2 10 9 5
6 3 8 5 7 6 4 5 4 1
6 4 6 8 7 7 7 1 7 4
5 1 6 8 4 7 7 6 10 6
8 2 9 6 2 5 6 2 6 7
3 10 1 6 10 9 6 2 3 3
3 5 9 9 6 7 9 7 8 1
1 9 4 7 9 4 4 6 10 5
14 23 0
1 1 1 1 1 1 1 1 1 1
1 1 1 1 1 1 1 1 1 1
1 1 1 1 1 1 1 1 1 1
1 1 1 1 1 1 1 1 1 1
1 1 1 1 1 1 1 1 1 1
1 1 1 1 1 1 1 1 1 1
1 1 1 1 1 1 1 1 1 1
1 1 1 1 1 1 1 1 1 1
1 1 1 1 1 1 1 1 1 1
1 1 1 1 1 1 1 1 1 1
14 24 0
2 2 2 2 2 2 2 2 2 2
2 2 2 2 2 2 2 2 2 2
2 2 2 2 2 2 2 2 2 2
2 2 2 2 2 2 2 2 2 2
2 2 2 2 2 2 2 2 2 2
2 2 2 2 2 2 2 2 2 2
2 2 2 2 2 2 2 2 2 2
2 2 2 2 2 2 2 2 2 2
2 2 2 2 2 2 2 2 2 2
2 2 2 2 2 2 2 2 2 2
14 25 1
2 9 5 4 10 9 1 4 8 4
7 9 9 6 3 8 6 10 6 8
1 3 3 5 1 5 8 7 5 4
9 4 6 10 1 1 2 2 7 7
4 9 3 3 2 4 1 10 1 10
5 3 5 6 2 8 8 7 8 9
4 1 9 5 4 6 3 4 1 9
6 10 1 8 10 8 3 9 1 5
4 8 4 5 8 9 2 1 3 6
7 2 6 10 8 9 7 5 8 10
15 17 0
2 2 2 2 2 2 2 2 2 2
2 2 2 2 2 2 2 2 2 2
2 2 2 2 2 2 2 2 2 2
2 2 2 2 2 2 2 2 2 2
2 2 2 2 2 2 2 2 2 2
2 2 2 2 2 2 2 2 2 2
2 2 2 2 2 2 2 2 2 2
2 2 2 2 2 2 2 2 2 2
2 2 2 2 2 2 2 2 2 2
2 2 2 2 2 2 2 2 2 2
15 18 1
1 10 4 4 3 3 1 4 8 5
1 1 1 9 1 9 1 3 1 10
10 5 8 4 9 8 7 10 3 8
8 9 10 6 8 6 6 6 3 8
10 5 7 7 3 6 7 2 4 4
10 6 9 1 3 1 3 7 3 2
8 8 3 8 6 3 5 9 6 5
1 10 2 9 3 4 6 8 4 3
8 1 10 1 3 5 2 1 9 5
9 4 5 7 5 10 8 2 8 2
15 19 1
8 4 7 8 9 4 8 7 9 3
6 5 8 4 8 4 10 5 10 3
2 9 5 2 8 10 7 4 1 8
8 7 8 8 3 7 10 9 5 6
10 1 7 8 1 9 2 8 4 2
8 7 8 5 10 1 6 9 2 2
3 7 4 8 8 1 6 1 3 9
6 9 3 9 7 3 8 3 1 8
3 1 8 4 2 2 6 8 7 6
5 5 7 4 4 2 2 9 8 4
15 25 1
10 8 10 3 5 2 3 1 3 9
8 1 7 9 5 8 8 10 9 1
3 3 9 2 8 5 3 1 10 6
3 2 5 9 3 6 3 6 1 8
9 3 7 7 9 9 6 3 7 4
10 4 5 5 7 9 3 8 10 9
7 4 5 5 10 8 10 4 5 10
10 3 6 1 5 8 5 2 9 8
10 4 4 5 10 8 8 6 8 10
8 9 5 1 2 3 8 4 1 4
15 26 0
2 2 2 2 2 2 2 2 2 2
2 2 2 2 2 2 2 2 2 2
2 2 2 2 2 2 2 2 2 2
2 2 2 2 2 2 2 2 2 2
2 2 2 2 2 2 2 2 2 2
2 2 2 2 2 2 2 2 2 2
2 2 2 2 2 2 2 2 2 2
2 2 2 2 2 2 2 2 2 2
2 2 2 2 2 2 2 2 2 2
2 2 2 2 2 2 2 2 2 2
15 27 0
2 2 2 2 2 2 2 2 2 2
2 2 2 2 2 2 2 2 2 2
2 2 2 2 2 2 2 2 2 2
2 2 2 2 2 2 2 2 2 2
2 2 2 2 2 2 2 2 2 2
2 2 2 2 2 2 2 2 2 2
2 2 2 2 2 2 2 2 2 2
2 2 2 2 2 2 2 2 2 2
2 2 2 2 2 2 2 2 2 2
2 2 2 2 2 2 2 2 2 2
15 28 0
2 2 2 2 2 2 2 2 2 2
2 2 2 2 2 2 2 2 2 2
2 2 2 2 2 2 2 2 2 2
2 2 2 2 2 2 2 2 2 2
2 2 2 2 2 2 2 2 2 2
2 2 2 2 2 2 2 2 2 2
2 2 2 2 2 2 2 2 2 2
2 2 2 2 2 2 2 2 2 2
2 2 2 2 2 2 2 2 2 2
2 2 2 2 2 2 2 2 2 2
15 29 0
2 2 2 2 2 2 2 2 2 2
2 2 2 2 2 2 2 2 2 2
2 2 2 2 2 2 2 2 2 2
2 2 2 2 2 2 2 2 2 2
2 2 2 2 2 2 2 2 2 2
2 2 2 2 2 2 2 2 2 2
2 2 2 2 2 2 2 2 2 2
2 2 2 2 2 2 2 2 2 2
2 2 2 2 2 2 2 2 2 2
2 2 2 2 2 2 2 2 2 2
16 18 1
10 1 5 10 3 5 7 9 2 8
8 1 8 6 10 1 3 4 9 9
7 5 6 1 1 8 6 7 10 3
5 1 7 8 2 10 1 9 7 4
1 6 3 7 8 1 1 5 7 3
10 2 3 1 5 4 2 6 10 9
10 2 5 7 7 8 6 7 8 10
9 5 10 7 1 1 5 5 9 10
4 8 10 7 10 5 9 1 9 9
2 3 7 3 2 5 9 7 6 8
16 25 0
1 1 1 1 1 1 1 1 1 1
1 1 1 1 1 1 1 1 1 1
1 1 1 1 1 1 1 1 1 1
1 1 1 1 1 1 1 1 1 1
1 1 1 1 1 1 1 1 1 1
1 1 1 1 1 1 1 1 1 1
1 1 1 1 1 1 1 1 1 1
1 1 1 1 1 1 1 1 1 1
1 1 1 1 1 1 1 1 1 1
1 1 1 1 1 1 1 1 1 1
16 28 0
1 1 1 1 1 1 1 1 1 1
1 1 1 1 1 1 1 1 1 1
1 1 1 1 1 1 1 1 1 1
1 1 1 1 1 1 1 1 1 1
1 1 1 1 1 1 1 1 1 1
1 1 1 1 1 1 1 1 1 1
1 1 1 1 1 1 1 1 1 1
1 1 1 1 1 1 1 1 1 1
1 1 1 1 1 1 1 1 1 1
1 1 1 1 1 1 1 1 1 1
16 30 1
3 6 2 4 4 1 7 8 9 2
3 5 3 2 9 10 9 10 9 8
5 6 5 2 2 10 8 10 4 3
9 1 10 7 1 6 1 9 10 1
4 9 9 3 4 10 7 10 4 8
4 1 10 3 8 6 7 7 1 9
10 6 3 6 4 9 4 3 10 9
8 5 4 9 4 3 9 9 9 2
7 3 9 5 7 2 8 5 7 7
3 9 8 4 5 6 6 5 6 6
17 18 1
7 8 3 3 6 6 7 9 10 9
8 9 5 3 5 2 10 6 3 3
3 1 2 5 10 3 1 7 9 10
4 9 4 9 10 6 8 9 5 6
9 8 5 6 6 3 3 2 8 9
10 4 3 8 5 4 6 7 6 6
2 5 10 1 7 9 3 7 7 2
7 3 10 6 6 4 3 2 5 6
8 1 4 8 8 10 8 8 2 9
7 2 8 8 6 8 3 1 2 10
17 21 1
7 2 5 9 10 7 7 10 6 6
2 7 3 5 8 9 7 4 5 3
9 6 2 2 2 3 2 7 4 7
1 4 4 1 2 6 5 6 1 9
10 8 5 2 7 7 5 7 1 4
3 2 9 2 6 7 10 8 9 5
7 7 8 4 7 1 6 6 9 2
9 9 6 6 5 4 10 6 1 5
3 1 2 4 2 10 2 5 2 3
2 2 4 8 6 4 10 2 8 10
17 22 1
3 2 10 5 4 1 3 2 4 3
9 8 8 1 2 3 6 4 1 6
5 6 7 5 9 8 5 5 10 7
9 7 8 10 7 10 5 7 10 10
9 9 6 10 5 1 2 9 9 8
6 2 4 6 5 5 1 9 3 2
1 7 6 2 9 6 6 3 1 8
1 1 10 5 8 9 8 4 6 6
1 8 4 8 7 3 10 2 7 10
7 10 3 3 7 1 5 10 5 1
17 23 1
2 5 1 2 1 10 9 8 5 6
1 8 7 1 6 5 5 6 9 2
1 7 5 2 3 4 9 10 4 6
5 10 5 4 5 6 10 1 7 8
7 6 1 2 10 7 5 7 1 2
9 8 10 4 10 5 10 10 8 2
2 6 8 8 5 1 6 3 2 7
2 1 10 1 3 1 10 5 5 10
10 8 4 2 4 2 8 1 5 5
9 10 3 3 7 5 7 7 8 2
17 25 0
2 2 2 2 2 2 2 2 2 2
2 2 2 2 2 2 2 2 2 2
2 2 2 2 2 2 2 2 2 2
2 2 2 2 2 2 2 2 2 2
2 2 2 2 2 2 2 2 2 2
2 2 2 2 2 2 2 2 2 2
2 2 2 2 2 2 2 2 2 2
2 2 2 2 2 2 2 2 2 2
2 2 2 2 2 2 2 2 2 2
2 2 2 2 2 2 2 2 2 2
17 28 1
4 1 8 8 4 10 5 8 6 6
10 7 10 8 9 4 3 7 6 5
5 6 3 9 9 3 6 2 3 5
9 7 10 5 6 5 8 1 6 9
1 7 5 8 7 6 10 5 9 7
6 2 10 6 6 4 3 7 10 1
4 8 6 9 3 2 1 7 9 9
9 2 1 6 10 3 3 1 1 1
9 3 10 1 7 7 2 2 3 7
4 7 8 5 4 7 3 3 2 10
18 21 0
2 2 2 2 2 2 2 2 2 2
2 2 2 2 2 2 2 2 2 2
2 2 2 2 2 2 2 2 2 2
2 2 2 2 2 2 2 2 2 2
2 2 2 2 2 2 2 2 2 2
2 2 2 2 2 2 2 2 2 2
2 2 2 2 2 2 2 2 2 2
2 2 2 2 2 2 2 2 2 2
2 2 2 2 2 2 2 2 2 2
2 2 2 2 2 2 2 2 2 2
18 26 0
1 1 1 1 1 1 1 1 1 1
1 1 1 1 1 1 1 1 1 1
1 1 1 1 1 1 1 1 1 1
1 1 1 1 1 1 1 1 1 1
1 1 1 1 1 1 1 1 1 1
1 1 1 1 1 1 1 1 1 1
1 1 1 1 1 1 1 1 1 1
1 1 1 1 1 1 1 1 1 1
1 1 1 1 1 1 1 1 1 1
1 1 1 1 1 1 1 1 1 1
18 27 0
1 1 1 1 1 1 1 1 1 1
1 1 1 1 1 1 1 1 1 1
1 1 1 1 1 1 1 1 1 1
1 1 1 1 1 1 1 1 1 1
1 1 1 1 1 1 1 1 1 1
1 1 1 1 1 1 1 1 1 1
1 1 1 1 1 1 1 1 1 1
1 1 1 1 1 1 1 1 1 1
1 1 1 1 1 1 1 1 1 1
1 1 1 1 1 1 1 1 1 1
18 29 0
2 2 2 2 2 2 2 2 2 2
2 2 2 2 2 2 2 2 2 2
2 2 2 2 2 2 2 2 2 2
2 2 2 2 2 2 2 2 2 2
2 2 2 2 2 2 2 2 2 2
2 2 2 2 2 2 2 2 2 2
2 2 2 2 2 2 2 2 2 2
2 2 2 2 2 2 2 2 2 2
2 2 2 2 2 2 2 2 2 2
2 2 2 2 2 2 2 2 2 2
19 20 0
1 1 1 1 1 1 1 1 1 1
1 1 1 1 1 1 1 1 1 1
1 1 1 1 1 1 1 1 1 1
1 1 1 1 1 1 1 1 1 1
1 1 1 1 1 1 1 1 1 1
1 1 1 1 1 1 1 1 1 1
1 1 1 1 1 1 1 1 1 1
1 1 1 1 1 1 1 1 1 1
1 1 1 1 1 1 1 1 1 1
1 1 1 1 1 1 1 1 1 1
19 24 1
1 8 5 6 5 10 6 1 6 1
6 8 6 6 3 6 1 6 9 7
3 3 8 8 4 7 6 6 9 5
7 6 4 4 4 4 3 4 9 6
10 3 10 5 3 1 9 1 9 6
2 4 4 9 5 7 9 8 2 8
7 7 2 7 7 6 9 3 3 1
1 2 1 4 6 4 2 5 7 6
3 6 3 9 7 9 2 3 3 6
6 2 8 2 5 4 1 4 2 1
19 26 0
1 1 1 1 1 1 1 1 1 1
1 1 1 1 1 1 1 1 1 1
1 1 1 1 1 1 1 1 1 1
1 1 1 1 1 1 1 1 1 1
1 1 1 1 1 1 1 1 1 1
1 1 1 1 1 1 1 1 1 1
1 1 1 1 1 1 1 1 1 1
1 1 1 1 1 1 1 1 1 1
1 1 1 1 1 1 1 1 1 1
1 1 1 1 1 1 1 1 1 1
19 29 1
10 3 9 7 7 9 9 8 3 6
2 10 3 7 9 7 6 5 8 9
5 9 2 7 7 7 6 8 10 9
9 2 10 3 9 4 5 5 4 8
9 1 9 9 6 2 4 2 7 5
10 10 6 6 7 2 3 8 8 8
4 9 4 4 6 1 7 7 4 7
5 7 8 4 2 6 2 4 2 1
6 4 10 1 6 4 7 3 7 10
1 8 5 1 7 5 5 6 7 6
20 22 0
1 1 1 1 1 1 1 1 1 1
1 1 1 1 1 1 1 1 1 1
1 1 1 1 1 1 1 1 1 1
1 1 1 1 1 1 1 1 1 1
1 1 1 1 1 1 1 1 1 1
1 1 1 1 1 1 1 1 1 1
1 1 1 1 1 1 1 1 1 1
1 1 1 1 1 1 1 1 1 1
1 1 1 1 1 1 1 1 1 1
1 1 1 1 1 1 1 1 1 1
20 24 0
1 1 1 1 1 1 1 1 1 1
1 1 1 1 1 1 1 1 1 1
1 1 1 1 1 1 1 1 1 1
1 1 1 1 1 1 1 1 1 1
1 1 1 1 1 1 1 1 1 1
1 1 1 1 1 1 1 1 1 1
1 1 1 1 1 1 1 1 1 1
1 1 1 1 1 1 1 1 1 1
1 1 1 1 1 1 1 1 1 1
1 1 1 1 1 1 1 1 1 1
20 27 1
4 4 5 2 10 7 9 10 10 2
6 6 1 4 8 2 8 2 8 5
6 10 10 10 4 2 9 7 4 3
3 7 4 10 5 2 3 8 2 8
6 4 4 2 10 7 6 8 9 10
9 3 2 2 10 4 8 8 8 5
8 3 9 5 4 3 2 3 7 10
8 7 8 1 7 7 1 2 9 6
5 2 3 3 3 8 3 3 8 5
3 5 10 4 7 9 5 2 1 7
20 28 1
7 5 4 3 5 3 10 5 9 7
9 3 7 3 6 1 10 10 8 8
6 3 5 6 6 10 3 9 4 10
3 7 3 3 1 7 2 10 7 10
5 5 9 4 1 6 9 1 10 1
6 6 10 2 3 7 10 2 1 7
4 7 5 1 6 9 1 1 10 1
5 6 2 2 7 3 10 5 7 4
5 7 10 4 10 4 4 5 10 2
2 1 10 7 5 8 10 5 5 8
20 29 0
2 2 2 2 2 2 2 2 2 2
2 2 2 2 2 2 2 2 2 2
2 2 2 2 2 2 2 2 2 2
2 2 2 2 2 2 2 2 2 2
2 2 2 2 2 2 2 2 2 2
2 2 2 2 2 2 2 2 2 2
2 2 2 2 2 2 2 2 2 2
2 2 2 2 2 2 2 2 2 2
2 2 2 2 2 2 2 2 2 2
2 2 2 2 2 2 2 2 2 2
20 30 1
1 5 2 4 1 3 9 8 10 3
3 3 6 7 3 5 3 6 7 3
2 8 5 5 5 6 4 4 4 1
10 5 2 6 8 3 3 9 3 1
6 9 4 10 7 7 6 4 8 8
5 5 5 6 8 5 2 9 2 4
7 1 1 3 5 5 1 3 9 3
10 9 7 2 4 1 8 8 4 10
6 2 6 4 8 5 10 1 7 5
6 9 10 6 3 2 2 9 6 3
21 22 1
1 8 10 4 5 8 3 9 10 3
4 4 5 4 4 2 3 9 3 6
9 3 3 4 3 1 2 10 4 9
4 3 7 4 4 10 10 4 5 3
5 10 9 8 6 10 3 3 7 2
8 3 7 7 6 4 10 3 3 4
4 10 4 7 8 6 3 5 8 5
9 9 7 10 10 2 10 4 6 1
4 6 10 3 1 4 2 5 10 3
10 9 1 10 2 6 5 6 10 2
21 25 0
1 1 1 1 1 1 1 1 1 1
1 1 1 1 1 1 1 1 1 1
1 1 1 1 1 1 1 1 1 1
1 1 1 1 1 1 1 1 1 1
1 1 1 1 1 1 1 1 1 1
1 1 1 1 1 1 1 1 1 1
1 1 1 1 1 1 1 1 1 1
1 1 1 1 1 1 1 1 1 1
1 1 1 1 1 1 1 1 1 1
1 1 1 1 1 1 1 1 1 1
21 27 1
2 3 6 10 8 7 5 1 3 2
3 3 8 6 5 8 3 8 5 9
2 6 6 10 2 4 2 8 8 9
8 2 2 4 9 2 4 10 5 1
9 10 3 7 7 9 1 3 6 9
4 8 1 4 1 10 7 6 3 10
4 10 8 10 2 10 8 3 9 7
7 10 6 8 8 7 7 7 2 4
8 2 3 9 7 2 7 2 10 7
10 6 1 1 2 10 10 9 1 4
21 29 0
1 1 1 1 1 1 1 1 1 1
1 1 1 1 1 1 1 1 1 1
1 1 1 1 1 1 1 1 1 1
1 1 1 1 1 1 1 1 1 1
1 1 1 1 1 1 1 1 1 1
1 1 1 1 1 1 1 1 1 1
1 1 1 1 1 1 1 1 1 1
1 1 1 1 1 1 1 1 1 1
1 1 1 1 1 1 1 1 1 1
1 1 1 1 1 1 1 1 1 1
22 23 0
1 1 1 1 1 1 1 1 1 1
1 1 1 1 1 1 1 1 1 1
1 1 1 1 1 1 1 1 1 1
1 1 1 1 1 1 1 1 1 1
1 1 1 1 1 1 1 1 1 1
1 1 1 1 1 1 1 1 1 1
1 1 1 1 1 1 1 1 1 1
1 1 1 1 1 1 1 1 1 1
1 1 1 1 1 1 1 1 1 1
1 1 1 1 1 1 1 1 1 1
22 25 1
4 7 2 6 10 2 5 4 8 2
5 4 6 6 9 4 6 2 5 10
10 4 5 3 4 2 8 7 2 2
7 5 8 9 4 9 3 6 6 8
8 3 2 4 4 3 9 9 8 2
1 4 10 8 10 3 10 5 1 3
2 9 4 4 8 10 9 2 4 10
7 5 6 9 5 9 9 5 4 3
6 7 3 5 6 10 2 7 8 4
1 5 5 5 9 7 1 3 5 2
22 26 0
2 2 2 2 2 2 2 2 2 2
2 2 2 2 2 2 2 2 2 2
2 2 2 2 2 2 2 2 2 2
2 2 2 2 2 2 2 2 2 2
2 2 2 2 2 2 2 2 2 2
2 2 2 2 2 2 2 2 2 2
2 2 2 2 2 2 2 2 2 2
2 2 2 2 2 2 2 2 2 2
2 2 2 2 2 2 2 2 2 2
2 2 2 2 2 2 2 2 2 2
22 28 0
2 2 2 2 2 2 2 2 2 2
2 2 2 2 2 2 2 2 2 2
2 2 2 2 2 2 2 2 2 2
2 2 2 2 2 2 2 2 2 2
2 2 2 2 2 2 2 2 2 2
2 2 2 2 2 2 2 2 2 2
2 2 2 2 2 2 2 2 2 2
2 2 2 2 2 2 2 2 2 2
2 2 2 2 2 2 2 2 2 2
2 2 2 2 2 2 2 2 2 2
22 30 1
3 4 2 3 8 10 4 3 9 7
5 3 6 2 9 10 5 1 7 2
4 1 5 5 5 5 9 8 7 5
4 1 9 9 10 4 4 10 10 7
1 2 8 3 4 3 6 10 5 4
10 8 4 5 10 7 1 2 7 5
6 6 7 7 2 8 8 9 4 2
3 7 10 5 2 3 10 5 10 8
4 5 1 9 6 5 2 5 2 9
6 4 10 9 10 1 6 10 2 2
23 24 1
9 1 1 1 3 2 4 3 5 7
10 6 10 8 10 2 5 10 4 1
2 5 5 6 8 6 6 3 9 7
5 1 9 10 1 7 6 3 2 1
5 2 6 9 1 6 4 10 1 5
4 2 6 7 4 5 7 2 9 2
2 6 7 7 8 4 6 4 5 2
10 7 10 9 4 2 7 2 5 5
4 5 6 2 9 9 1 4 6 6
2 3 2 10 7 9 5 7 5 2
23 25 1
4 8 10 7 7 10 10 8 3 3
4 6 9 6 1 1 4 5 9 9
8 5 9 8 10 1 7 1 4 3
4 4 9 10 7 6 4 3 8 1
6 1 7 2 1 6 4 9 5 10
3 6 4 4 5 9 9 6 2 3
2 3 4 5 10 5 2 9 6 9
10 6 7 3 9 7 10 1 8 2
4 2 5 3 10 2 2 3 3 1
6 3 8 9 6 2 4 6 10 4
23 26 0
2 2 2 2 2 2 2 2 2 2
2 2 2 2 2 2 2 2 2 2
2 2 2 2 2 2 2 2 2 2
2 2 2 2 2 2 2 2 2 2
2 2 2 2 2 2 2 2 2 2
2 2 2 2 2 2 2 2 2 2
2 2 2 2 2 2 2 2 2 2
2 2 2 2 2 2 2 2 2 2
2 2 2 2 2 2 2 2 2 2
2 2 2 2 2 2 2 2 2 2
23 27 0
1 1 1 1 1 1 1 1 1 1
1 1 1 1 1 1 1 1 1 1
1 1 1 1 1 1 1 1 1 1
1 1 1 1 1 1 1 1 1 1
1 1 1 1 1 1 1 1 1 1
1 1 1 1 1 1 1 1 1 1
1 1 1 1 1 1 1 1 1 1
1 1 1 1 1 1 1 1 1 1
1 1 1 1 1 1 1 1 1 1
1 1 1 1 1 1 1 1 1 1
23 30 1
7 6 2 6 3 4 5 8 10 6
6 3 8 6 7 7 5 8 5 3
10 1 8 2 1 8 7 9 8 3
8 4 2 6 5 2 8 8 4 8
4 1 5 10 8 6 5 8 4 10
4 10 2 7 5 10 9 7 4 3
6 5 2 2 10 1 10 1 3 1
5 10 8 8 10 5 8 5 4 8
4 3 3 7 8 9 5 8 10 5
3 5 1 1 1 1 7 7 1 2
24 26 0
2 2 2 2 2 2 2 2 2 2
2 2 2 2 2 2 2 2 2 2
2 2 2 2 2 2 2 2 2 2
2 2 2 2 2 2 2 2 2 2
2 2 2 2 2 2 2 2 2 2
2 2 2 2 2 2 2 2 2 2
2 2 2 2 2 2 2 2 2 2
2 2 2 2 2 2 2 2 2 2
2 2 2 2 2 2 2 2 2 2
2 2 2 2 2 2 2 2 2 2
24 27 0
1 1 1 1 1 1 1 1 1 1
1 1 1 1 1 1 1 1 1 1
1 1 1 1 1 1 1 1 1 1
1 1 1 1 1 1 1 1 1 1
1 1 1 1 1 1 1 1 1 1
1 1 1 1 1 1 1 1 1 1
1 1 1 1 1 1 1 1 1 1
1 1 1 1 1 1 1 1 1 1
1 1 1 1 1 1 1 1 1 1
1 1 1 1 1 1 1 1 1 1
24 28 0
1 1 1 1 1 1 1 1 1 1
1 1 1 1 1 1 1 1 1 1
1 1 1 1 1 1 1 1 1 1
1 1 1 1 1 1 1 1 1 1
1 1 1 1 1 1 1 1 1 1
1 1 1 1 1 1 1 1 1 1
1 1 1 1 1 1 1 1 1 1
1 1 1 1 1 1 1 1 1 1
1 1 1 1 1 1 1 1 1 1
1 1 1 1 1 1 1 1 1 1
25 26 0
2 2 2 2 2 2 2 2 2 2
2 2 2 2 2 2 2 2 2 2
2 2 2 2 2 2 2 2 2 2
2 2 2 2 2 2 2 2 2 2
2 2 2 2 2 2 2 2 2 2
2 2 2 2 2 2 2 2 2 2
2 2 2 2 2 2 2 2 2 2
2 2 2 2 2 2 2 2 2 2
2 2 2 2 2 2 2 2 2 2
2 2 2 2 2 2 2 2 2 2
25 27 1
9 7 3 6 10 3 5 5 3 2
6 6 4 8 4 4 9 8 4 6
9 5 4 4 2 7 10 4 3 4
5 6 2 10 10 10 10 6 8 6
5 10 3 2 3 2 4 3 10 6
10 8 4 6 7 5 6 1 10 10
4 1 2 2 8 2 1 2 5 5
9 1 3 7 2 5 1 3 8 2
3 6 6 7 5 6 1 5 6 10
10 1 3 2 10 6 10 10 9 3
25 28 0
1 1 1 1 1 1 1 1 1 1
1 1 1 1 1 1 1 1 1 1
1 1 1 1 1 1 1 1 1 1
1 1 1 1 1 1 1 1 1 1
1 1 1 1 1 1 1 1 1 1
1 1 1 1 1 1 1 1 1 1
1 1 1 1 1 1 1 1 1 1
1 1 1 1 1 1 1 1 1 1
1 1 1 1 1 1 1 1 1 1
1 1 1 1 1 1 1 1 1 1
25 29 1
4 6 10 1 8 3 5 3 6 4
6 5 3 2 7 8 5 8 10 2
5 10 9 2 7 4 7 6 5 8
3 9 7 4 2 9 10 5 1 10
3 7 9 6 4 8 8 3 4 2
7 2 2 3 6 8 9 6 9 6
7 6 4 1 2 1 7 3 7 4
1 4 10 2 3 9 4 4 7 6
8 6 9 6 1 1 5 2 2 4
5 6 5 7 3 1 8 2 4 9
26 28 1
1 2 1 7 7 3 4 2 9 9
1 2 1 3 7 6 8 5 8 8
4 7 4 10 2 10 6 9 8 5
3 4 5 6 3 2 1 8 8 10
10 3 8 5 10 4 1 2 5 10
8 2 5 5 5 2 10 10 8 2
5 4 9 5 5 4 4 5 3 5
5 3 8 3 6 10 7 2 7 3
5 7 4 5 3 10 9 4 7 9
8 10 10 6 5 9 4 5 10 4
26 30 1
7 2 2 10 10 9 4 3 3 7
1 9 3 5 9 8 6 8 9 9
6 7 5 9 3 5 2 10 10 6
6 2 5 3 7 10 5 2 10 8
1 3 5 6 7 1 1 6 4 6
9 3 6 3 6 3 1 6 4 6
9 3 6 2 6 10 4 4 8 8
5 5 9 9 7 6 6 2 2 7
8 2 7 2 7 7 9 8 3 9
6 7 8 10 4 1 4 7 9 6
27 28 1
5 1 10 8 8 6 2 4 4 3
10 7 10 3 2 3 3 7 6 5
8 9 2 8 6 4 4 6 7 4
1 10 1 10 10 3 2 10 3 5
1 2 5 9 7 4 6 2 4 8
8 3 6 9 4 3 3 4 8 3
8 10 4 1 7 7 7 4 5 10
8 5 4 8 7 5 4 4 9 8
7 2 8 8 10 6 3 2 10 6
3 6 1 2 1 2 10 5 5 4
27 29 1
6 7 3 9 2 8 4 10 5 9
10 5 1 6 1 1 2 8 10 2
6 5 5 8 10 8 9 4 1 7
1 8 8 3 2 8 5 2 4 3
3 9 8 6 6 1 5 2 2 10
5 5 10 4 10 9 10 2 5 4
10 8 9 2 9 7 1 6 2 1
6 2 5 8 6 4 8 7 10 10
7 10 2 10 4 8 7 4 3 1
8 9 10 4 2 4 3 8 4 8
28 29 0
2 2 2 2 2 2 2 2 2 2
2 2 2 2 2 2 2 2 2 2
2 2 2 2 2 2 2 2 2 2
2 2 2 2 2 2 2 2 2 2
2 2 2 2 2 2 2 2 2 2
2 2 2 2 2 2 2 2 2 2
2 2 2 2 2 2 2 2 2 2
2 2 2 2 2 2 2 2 2 2
2 2 2 2 2 2 2 2 2 2
2 2 2 2 2 2 2 2 2 2
28 30 0
1 1 1 1 1 1 1 1 1 1
1 1 1 1 1 1 1 1 1 1
1 1 1 1 1 1 1 1 1 1
1 1 1 1 1 1 1 1 1 1
1 1 1 1 1 1 1 1 1 1
1 1 1 1 1 1 1 1 1 1
1 1 1 1 1 1 1 1 1 1
1 1 1 1 1 1 1 1 1 1
1 1 1 1 1 1 1 1 1 1
1 1 1 1 1 1 1 1 1 1
