40 390 1
1 10
1 2 1
8 3 3 9 2 4 8 6 1 8
4 8 7 4 8 8 4 8 6 7
5 2 2 3 8 6 6 6 5 3
8 10 2 7 6 1 8 7 6 7
5 6 9 3 7 1 3 9 1 6
2 9 1 1 3 5 8 7 4 2
10 6 7 8 1 4 4 1 10 8
5 5 6 3 5 1 1 1 6 8
9 6 8 2 6 6 7 6 2 2
7 4 10 8 6 4 4 2 2 8
1 4 0
1 1 1 1 1 1 1 1 1 1
1 1 1 1 1 1 1 1 1 1
1 1 1 1 1 1 1 1 1 1
1 1 1 1 1 1 1 1 1 1
1 1 1 1 1 1 1 1 1 1
1 1 1 1 1 1 1 1 1 1
1 1 1 1 1 1 1 1 1 1
1 1 1 1 1 1 1 1 1 1
1 1 1 1 1 1 1 1 1 1
1 1 1 1 1 1 1 1 1 1
1 6 0
2 2 2 2 2 2 2 2 2 2
2 2 2 2 2 2 2 2 2 2
2 2 2 2 2 2 2 2 2 2
2 2 2 2 2 2 2 2 2 2
2 2 2 2 2 2 2 2 2 2
2 2 2 2 2 2 2 2 2 2
2 2 2 2 2 2 2 2 2 2
2 2 2 2 2 2 2 2 2 2
2 2 2 2 2 2 2 2 2 2
2 2 2 2 2 2 2 2 2 2
1 7 1
2 4 6 4 10 4 4 2 4 10
2 1 2 9 6 3 10 9 5 6
8 2 5 4 4 9 1 10 2 5
6 6 9 2 6 6 5 7 1 6
3 4 10 9 8 1 7 2 1 2
2 7 7 7 3 9 10 6 7 9
3 3 2 2 10 7 4 6 9 6
9 6 1 8 3 10 7 3 5 7
5 4 2 7 1 4 1 3 4 7
4 1 8 10 1 4 9 5 9 8
1 8 1
5 10 2 6 2 9 9 5 1 4
6 2 9 4 8 9 9 1 6 4
5 6 5 2 7 3 3 9 2 5
4 10 5 1 8 2 10 2 6 2
8 10 6 9 2 5 3 5 1 5
3 6 10 9 10 6 4 5 1 9
8 5 9 9 3 8 1 2 5 2
9 6 1 1 3 2 7 5 10 2
7 9 5 3 2 8 9 4 2 8
9 6 10 9 1 8 10 10 6 2
1 9 0
2 2 2 2 2 2 2 2 2 2
2 2 2 2 2 2 2 2 2 2
2 2 2 2 2 2 2 2 2 2
2 2 2 2 2 2 2 2 2 2
2 2 2 2 2 2 2 2 2 2
2 2 2 2 2 2 2 2 2 2
2 2 2 2 2 2 2 2 2 2
2 2 2 2 2 2 2 2 2 2
2 2 2 2 2 2 2 2 2 2
2 2 2 2 2 2 2 2 2 2
1 11 1
7 10 4 10 2 2 6 6 10 6
8 2 2 4 2 5 9 7 5 9
8 10 6 1 1 1 2 1 8 10
10 3 9 8 4 6 5 2 10 7
7 8 5 4 8 5 7 1 4 5
5 3 4 5 1 6 8 6 10 7
2 9 4 6 10 7 5 2 7 10
5 1 5 7 2 5 2 2 1 8
8 8 2 1 2 5 3 9 1 8
7 1 9 4 8 10 2 1 6 6
1 12 0
2 2 2 2 2 2 2 2 2 2
2 2 2 2 2 2 2 2 2 2
2 2 2 2 2 2 2 2 2 2
2 2 2 2 2 2 2 2 2 2
2 2 2 2 2 2 2 2 2 2
2 2 2 2 2 2 2 2 2 2
2 2 2 2 2 2 2 2 2 2
2 2 2 2 2 2 2 2 2 2
2 2 2 2 2 2 2 2 2 2
2 2 2 2 2 2 2 2 2 2
1 15 0
1 1 1 1 1 1 1 1 1 1
1 1 1 1 1 1 1 1 1 1
1 1 1 1 1 1 1 1 1 1
1 1 1 1 1 1 1 1 1 1
1 1 1 1 1 1 1 1 1 1
1 1 1 1 1 1 1 1 1 1
1 1 1 1 1 1 1 1 1 1
1 1 1 1 1 1 1 1 1 1
1 1 1 1 1 1 1 1 1 1
1 1 1 1 1 1 1 1 1 1
1 16 0
2 2 2 2 2 2 2 2 2 2
2 2 2 2 2 2 2 2 2 2
2 2 2 2 2 2 2 2 2 2
2 2 2 2 2 2 2 2 2 2
2 2 2 2 2 2 2 2 2 2
2 2 2 2 2 2 2 2 2 2
2 2 2 2 2 2 2 2 2 2
2 2 2 2 2 2 2 2 2 2
2 2 2 2 2 2 2 2 2 2
2 2 2 2 2 2 2 2 2 2
1 18 1
3 3 9 2 2 1 7 5 2 4
8 3 5 10 2 2 4 4 9 7
8 9 6 3 9 1 2 2 5 4
6 10 1 2 1 10 8 10 4 6
10 5 1 7 10 4 10 6 7 4
9 9 7 9 5 7 3 2 1 3
5 10 6 1 4 6 3 3 2 3
7 7 1 3 9 2 10 10 1 5
9 1 8 9 6 1 7 9 4 5
3 2 7 1 8 10 1 6 7 6
1 19 0
2 2 2 2 2 2 2 2 2 2
2 2 2 2 2 2 2 2 2 2
2 2 2 2 2 2 2 2 2 2
2 2 2 2 2 2 2 2 2 2
2 2 2 2 2 2 2 2 2 2
2 2 2 2 2 2 2 2 2 2
2 2 2 2 2 2 2 2 2 2
2 2 2 2 2 2 2 2 2 2
2 2 2 2 2 2 2 2 2 2
2 2 2 2 2 2 2 2 2 2
1 20 1
3 2 4 9 9 4 5 9 6 2
7 2 10 1 4 1 1 8 5 9
5 5 5 1 5 6 1 3 9 9
9 3 2 5 6 5 8 3 9 1
2 7 6 4 3 5 10 2 8 10
7 10 9 5 4 10 6 2 10 6
10 8 4 8 8 5 6 3 10 1
9 9 2 4 4 6 9 6 4 6
8 10 1 9 2 8 9 5 7 4
3 4 9 1 4 1 4 6 1 1
1 22 1
6 8 6 7 8 9 10 2 5 9
5 7 4 9 4 8 3 2 2 7
2 3 2 5 10 3 5 6 2 5
8 4 10 10 3 8 1 1 1 4
2 8 10 7 3 8 1 6 6 2
8 7 6 7 7 9 4 1 8 9
2 6 4 1 6 1 1 9 3 5
1 3 2 4 2 10 1 5 9 8
3 7 1 8 10 5 9 4 5 5
6 10 4 8 4 10 9 2 2 5
1 23 0
1 1 1 1 1 1 1 1 1 1
1 1 1 1 1 1 1 1 1 1
1 1 1 1 1 1 1 1 1 1
1 1 1 1 1 1 1 1 1 1
1 1 1 1 1 1 1 1 1 1
1 1 1 1 1 1 1 1 1 1
1 1 1 1 1 1 1 1 1 1
1 1 1 1 1 1 1 1 1 1
1 1 1 1 1 1 1 1 1 1
1 1 1 1 1 1 1 1 1 1
1 25 1
6 3 6 5 5 10 7 6 5 6
8 4 10 9 5 5 5 2 2 4
6 9 3 1 4 9 9 1 10 6
4 9 2 2 8 7 6 8 1 3
3 4 9 2 8 8 4 6 10 6
3 10 10 6 2 6 8 6 1 6
3 3 3 7 1 2 5 1 8 4
7 1 10 4 5 5 10 6 6 5
7 1 9 6 5 10 1 7 3 10
1 5 4 2 6 8 10 1 4 7
1 26 0
2 2 2 2 2 2 2 2 2 2
2 2 2 2 2 2 2 2 2 2
2 2 2 2 2 2 2 2 2 2
2 2 2 2 2 2 2 2 2 2
2 2 2 2 2 2 2 2 2 2
2 2 2 2 2 2 2 2 2 2
2 2 2 2 2 2 2 2 2 2
2 2 2 2 2 2 2 2 2 2
2 2 2 2 2 2 2 2 2 2
2 2 2 2 2 2 2 2 2 2
1 27 1
1 5 8 5 4 4 7 1 4 4
7 4 7 8 3 2 10 9 10 5
10 10 6 7 8 6 2 3 2 10
7 9 10 8 9 10 6 4 1 7
4 1 5 8 8 2 2 5 10 6
7 7 9 10 8 4 5 6 10 3
8 9 4 5 1 9 5 4 1 2
8 1 9 7 9 5 7 8 5 7
10 6 6 4 9 8 7 3 9 5
2 10 7 9 5 4 5 9 6 5
1 29 0
1 1 1 1 1 1 1 1 1 1
1 1 1 1 1 1 1 1 1 1
1 1 1 1 1 1 1 1 1 1
1 1 1 1 1 1 1 1 1 1
1 1 1 1 1 1 1 1 1 1
1 1 1 1 1 1 1 1 1 1
1 1 1 1 1 1 1 1 1 1
1 1 1 1 1 1 1 1 1 1
1 1 1 1 1 1 1 1 1 1
1 1 1 1 1 1 1 1 1 1
1 30 1
5 1 9 9 3 10 1 9 1 5
6 2 6 3 10 7 6 8 6 8
6 5 7 6 6 2 1 10 9 10
3 7 4 3 5 4 6 5 7 1
8 8 10 5 9 5 8 9 9 6
6 8 5 6 8 7 8 2 6 4
8 9 10 2 9 9 8 8 3 4
6 5 2 5 8 4 8 1 1 10
9 4 1 8 7 10 1 5 1 5
1 8 7 3 6 2 9 9 3 4
1 33 1
8 5 6 3 6 1 2 8 10 5
9 8 6 4 5 2 10 5 3 2
4 3 5 1 5 1 1 7 1 4
1 5 4 9 6 3 8 9 1 10
3 4 10 1 10 10 8 9 7 6
2 10 3 3 3 1 4 8 1 10
7 2 6 4 1 9 5 6 10 6
5 8 7 6 5 6 3 1 8 10
3 10 7 2 6 10 6 3 8 4
9 8 7 1 1 6 7 3 7 6
1 34 1
4 7 4 6 3 4 4 9 1 6
6 2 9 8 7 9 7 5 4 9
5 4 9 3 6 10 2 5 7 3
7 4 3 7 8 8 2 2 2 1
9 8 6 3 5 4 9 3 9 3
2 9 2 10 10 5 10 1 4 10
3 8 7 7 4 4 5 6 10 6
1 8 8 1 6 9 6 6 9 7
6 5 1 2 6 2 5 9 1 1
8 4 4 6 9 6 4 3 2 1
1 39 0
1 1 1 1 1 1 1 1 1 1
1 1 1 1 1 1 1 1 1 1
1 1 1 1 1 1 1 1 1 1
1 1 1 1 1 1 1 1 1 1
1 1 1 1 1 1 1 1 1 1
1 1 1 1 1 1 1 1 1 1
1 1 1 1 1 1 1 1 1 1
1 1 1 1 1 1 1 1 1 1
1 1 1 1 1 1 1 1 1 1
1 1 1 1 1 1 1 1 1 1
1 40 0
1 1 1 1 1 1 1 1 1 1
1 1 1 1 1 1 1 1 1 1
1 1 1 1 1 1 1 1 1 1
1 1 1 1 1 1 1 1 1 1
1 1 1 1 1 1 1 1 1 1
1 1 1 1 1 1 1 1 1 1
1 1 1 1 1 1 1 1 1 1
1 1 1 1 1 1 1 1 1 1
1 1 1 1 1 1 1 1 1 1
1 1 1 1 1 1 1 1 1 1
2 3 0
1 1 1 1 1 1 1 1 1 1
1 1 1 1 1 1 1 1 1 1
1 1 1 1 1 1 1 1 1 1
1 1 1 1 1 1 1 1 1 1
1 1 1 1 1 1 1 1 1 1
1 1 1 1 1 1 1 1 1 1
1 1 1 1 1 1 1 1 1 1
1 1 1 1 1 1 1 1 1 1
1 1 1 1 1 1 1 1 1 1
1 1 1 1 1 1 1 1 1 1
2 4 1
7 5 8 5 8 5 2 5 7 5
7 9 4 6 9 6 5 8 5 5
10 4 8 8 3 7 5 10 2 1
9 1 8 4 10 7 8 8 8 3
6 9 9 8 7 9 9 9 8 5
2 9 4 3 7 2 10 9 8 7
6 10 1 6 8 8 9 10 8 9
10 10 4 3 10 10 7 7 10 5
5 7 4 9 1 7 1 1 8 7
10 1 2 1 4 7 3 7 8 3
2 6 1
8 6 8 2 9 8 10 1 7 2
6 7 10 1 10 1 5 5 3 8
5 8 9 6 3 8 3 2 7 9
3 1 7 4 10 3 8 5 7 7
4 3 1 10 10 9 1 7 6 3
9 9 5 5 3 4 8 1 3 6
4 7 10 3 7 9 2 2 4 10
2 7 3 7 9 2 1 5 9 2
9 4 7 5 9 5 4 10 5 7
9 3 5 5 6 6 3 5 9 10
2 8 1
4 6 2 10 10 10 2 1 3 4
10 6 1 10 9 2 2 3 6 5
10 4 2 3 9 7 9 2 9 1
10 6 6 2 4 4 1 9 3 1
3 7 10 3 4 3 1 9 9 3
1 5 8 4 3 2 3 9 9 10
3 8 6 9 9 3 3 3 4 3
1 3 6 2 5 2 7 9 6 7
7 8 10 7 8 8 1 6 10 7
4 7 8 7 10 10 10 8 2 6
2 9 1
6 9 10 9 7 9 5 6 2 4
6 8 6 4 10 6 2 10 6 1
10 1 1 9 6 9 1 3 7 1
10 5 4 7 8 3 6 6 9 7
4 10 1 6 6 7 10 4 8 1
7 4 10 3 6 3 10 8 9 1
7 6 3 5 6 2 1 7 1 10
1 2 5 4 6 6 3 10 2 1
7 10 6 3 4 7 1 9 7 9
8 2 3 7 1 3 6 6 6 7
2 10 0
2 2 2 2 2 2 2 2 2 2
2 2 2 2 2 2 2 2 2 2
2 2 2 2 2 2 2 2 2 2
2 2 2 2 2 2 2 2 2 2
2 2 2 2 2 2 2 2 2 2
2 2 2 2 2 2 2 2 2 2
2 2 2 2 2 2 2 2 2 2
2 2 2 2 2 2 2 2 2 2
2 2 2 2 2 2 2 2 2 2
2 2 2 2 2 2 2 2 2 2
2 11 0
1 1 1 1 1 1 1 1 1 1
1 1 1 1 1 1 1 1 1 1
1 1 1 1 1 1 1 1 1 1
1 1 1 1 1 1 1 1 1 1
1 1 1 1 1 1 1 1 1 1
1 1 1 1 1 1 1 1 1 1
1 1 1 1 1 1 1 1 1 1
1 1 1 1 1 1 1 1 1 1
1 1 1 1 1 1 1 1 1 1
1 1 1 1 1 1 1 1 1 1
2 12 1
2 3 1 9 10 10 1 10 2 1
8 9 9 10 4 4 5 7 1 6
9 4 1 9 9 5 7 2 9 5
2 3 5 8 3 4 4 9 5 3
7 1 4 6 3 8 2 3 2 5
1 2 1 6 7 9 6 10 10 8
9 10 5 4 3 5 1 10 7 5
10 1 9 5 9 3 5 8 2 9
6 5 2 8 6 3 1 7 4 9
8 4 10 5 8 6 2 10 1 5
2 14 1
3 1 10 8 5 9 5 2 1 8
5 7 8 10 2 8 2 6 2 4
5 3 10 3 5 6 10 2 4 7
7 3 3 6 8 1 8 6 9 5
4 7 5 5 2 9 7 9 2 4
8 5 10 2 4 2 8 9 4 10
8 7 2 9 3 8 4 6 5 8
8 7 3 4 9 8 7 7 9 6
8 3 8 8 9 3 6 2 2 8
7 7 9 3 3 6 10 4 2 9
2 15 1
4 3 7 2 5 1 1 5 5 7
2 2 3 6 2 5 5 2 3 7
5 3 9 2 6 2 10 10 9 9
9 2 2 1 10 5 3 6 2 8
6 9 2 2 6 5 2 6 3 10
7 8 2 1 2 9 5 4 2 7
9 8 1 8 1 3 5 6 2 6
8 2 4 8 3 1 5 10 10 3
10 6 6 8 4 6 8 5 5 3
8 4 1 7 9 6 3 8 7 6
2 16 0
1 1 1 1 1 1 1 1 1 1
1 1 1 1 1 1 1 1 1 1
1 1 1 1 1 1 1 1 1 1
1 1 1 1 1 1 1 1 1 1
1 1 1 1 1 1 1 1 1 1
1 1 1 1 1 1 1 1 1 1
1 1 1 1 1 1 1 1 1 1
1 1 1 1 1 1 1 1 1 1
1 1 1 1 1 1 1 1 1 1
1 1 1 1 1 1 1 1 1 1
2 17 0
1 1 1 1 1 1 1 1 1 1
1 1 1 1 1 1 1 1 1 1
1 1 1 1 1 1 1 1 1 1
1 1 1 1 1 1 1 1 1 1
1 1 1 1 1 1 1 1 1 1
1 1 1 1 1 1 1 1 1 1
1 1 1 1 1 1 1 1 1 1
1 1 1 1 1 1 1 1 1 1
1 1 1 1 1 1 1 1 1 1
1 1 1 1 1 1 1 1 1 1
2 18 1
5 4 9 3 7 9 7 8 10 8
5 5 5 8 9 1 5 8 10 9
3 4 9 8 1 2 3 2 6 8
4 3 10 5 1 8 6 5 4 1
6 10 5 5 5 2 3 7 10 9
4 2 10 9 8 6 8 6 4 2
8 1 3 10 4 7 7 5 4 3
10 4 6 10 7 5 6 8 1 2
9 4 5 5 7 6 3 4 8 8
10 1 9 5 6 1 6 1 6 3
2 21 1
2 1 8 5 7 4 8 9 4 3
2 10 1 9 2 10 5 8 4 10
10 7 9 7 5 10 2 7 2 4
4 2 3 9 6 8 6 7 7 9
10 9 5 7 6 1 10 2 9 9
7 4 8 7 9 6 4 2 6 2
8 10 10 4 7 3 3 6 10 7
9 1 3 1 5 4 9 3 10 5
1 2 10 6 1 9 4 9 1 2
2 3 6 6 9 3 8 9 2 6
2 23 0
1 1 1 1 1 1 1 1 1 1
1 1 1 1 1 1 1 1 1 1
1 1 1 1 1 1 1 1 1 1
1 1 1 1 1 1 1 1 1 1
1 1 1 1 1 1 1 1 1 1
1 1 1 1 1 1 1 1 1 1
1 1 1 1 1 1 1 1 1 1
1 1 1 1 1 1 1 1 1 1
1 1 1 1 1 1 1 1 1 1
1 1 1 1 1 1 1 1 1 1
2 24 0
2 2 2 2 2 2 2 2 2 2
2 2 2 2 2 2 2 2 2 2
2 2 2 2 2 2 2 2 2 2
2 2 2 2 2 2 2 2 2 2
2 2 2 2 2 2 2 2 2 2
2 2 2 2 2 2 2 2 2 2
2 2 2 2 2 2 2 2 2 2
2 2 2 2 2 2 2 2 2 2
2 2 2 2 2 2 2 2 2 2
2 2 2 2 2 2 2 2 2 2
2 25 0
1 1 1 1 1 1 1 1 1 1
1 1 1 1 1 1 1 1 1 1
1 1 1 1 1 1 1 1 1 1
1 1 1 1 1 1 1 1 1 1
1 1 1 1 1 1 1 1 1 1
1 1 1 1 1 1 1 1 1 1
1 1 1 1 1 1 1 1 1 1
1 1 1 1 1 1 1 1 1 1
1 1 1 1 1 1 1 1 1 1
1 1 1 1 1 1 1 1 1 1
2 27 0
1 1 1 1 1 1 1 1 1 1
1 1 1 1 1 1 1 1 1 1
1 1 1 1 1 1 1 1 1 1
1 1 1 1 1 1 1 1 1 1
1 1 1 1 1 1 1 1 1 1
1 1 1 1 1 1 1 1 1 1
1 1 1 1 1 1 1 1 1 1
1 1 1 1 1 1 1 1 1 1
1 1 1 1 1 1 1 1 1 1
1 1 1 1 1 1 1 1 1 1
2 28 1
7 6 6 10 8 8 1 10 10 4
8 9 3 3 6 10 8 5 8 1
5 6 1 7 5 6 6 3 2 5
8 7 2 2 8 1 2 2 9 2
9 8 5 8 3 8 5 9 4 7
6 6 6 5 8 4 2 10 5 6
5 5 8 7 10 6 7 5 3 1
6 1 3 9 9 10 9 4 6 8
3 8 1 9 5 9 2 4 5 2
7 9 10 6 6 1 2 9 9 1
2 29 1
9 8 1 5 8 4 4 3 8 4
8 7 1 6 3 9 3 2 4 3
8 2 8 8 10 10 6 8 10 6
10 7 8 6 10 1 10 8 10 8
7 4 9 7 3 10 9 7 3 4
9 5 1 4 5 4 1 6 4 3
5 3 3 8 7 4 1 3 6 2
8 10 10 7 3 6 1 9 1 4
8 8 6 7 1 1 10 9 3 10
5 5 5 3 3 5 3 4 7 2
2 30 1
1 7 10 9 4 6 6 1 8 8
6 2 1 3 7 3 2 9 8 4
9 10 6 8 10 4 5 10 5 7
5 8 9 4 2 1 5 10 1 6
7 1 10 5 9 2 6 6 7 6
8 8 9 4 5 1 5 9 1 7
6 7 10 3 9 10 4 3 9 5
3 3 8 6 10 1 4 7 3 10
5 6 4 3 5 4 1 4 1 1
6 5 10 2 2 4 10 3 8 5
2 33 1
9 3 8 10 10 3 9 10 3 8
5 6 6 1 2 5 8 9 7 7
9 2 7 1 9 5 10 1 8 4
1 9 6 5 10 8 10 4 10 1
5 9 9 9 5 3 2 4 4 10
1 7 9 1 6 4 9 6 1 4
3 7 4 10 7 5 9 2 2 6
3 9 4 5 6 1 9 1 7 6
2 7 2 3 6 8 1 2 2 6
1 6 10 1 6 9 5 7 4 1
2 34 0
1 1 1 1 1 1 1 1 1 1
1 1 1 1 1 1 1 1 1 1
1 1 1 1 1 1 1 1 1 1
1 1 1 1 1 1 1 1 1 1
1 1 1 1 1 1 1 1 1 1
1 1 1 1 1 1 1 1 1 1
1 1 1 1 1 1 1 1 1 1
1 1 1 1 1 1 1 1 1 1
1 1 1 1 1 1 1 1 1 1
1 1 1 1 1 1 1 1 1 1
2 35 0
2 2 2 2 2 2 2 2 2 2
2 2 2 2 2 2 2 2 2 2
2 2 2 2 2 2 2 2 2 2
2 2 2 2 2 2 2 2 2 2
2 2 2 2 2 2 2 2 2 2
2 2 2 2 2 2 2 2 2 2
2 2 2 2 2 2 2 2 2 2
2 2 2 2 2 2 2 2 2 2
2 2 2 2 2 2 2 2 2 2
2 2 2 2 2 2 2 2 2 2
2 37 1
10 10 10 7 9 2 10 2 1 4
3 1 5 1 3 5 8 4 3 2
4 4 9 8 7 10 1 5 4 6
8 2 4 10 4 2 5 4 8 9
2 8 10 3 5 1 7 2 1 3
2 10 3 10 5 6 1 10 6 8
5 4 2 5 10 9 4 5 3 6
6 5 6 1 6 6 9 7 7 2
1 8 4 5 3 8 10 9 8 6
10 6 7 4 7 6 4 5 3 10
2 38 1
2 8 3 7 7 4 1 10 6 1
3 9 7 8 9 1 9 10 4 7
6 2 2 7 5 7 2 9 6 10
7 7 3 10 6 5 10 10 6 6
2 3 3 7 1 1 9 10 1 3
5 2 1 3 5 1 1 8 10 2
8 10 10 5 7 8 6 10 9 9
3 1 2 5 7 1 8 6 7 6
9 8 3 4 7 8 3 3 3 1
1 2 3 6 7 9 3 7 10 6
3 33 0
2 2 2 2 2 2 2 2 2 2
2 2 2 2 2 2 2 2 2 2
2 2 2 2 2 2 2 2 2 2
2 2 2 2 2 2 2 2 2 2
2 2 2 2 2 2 2 2 2 2
2 2 2 2 2 2 2 2 2 2
2 2 2 2 2 2 2 2 2 2
2 2 2 2 2 2 2 2 2 2
2 2 2 2 2 2 2 2 2 2
2 2 2 2 2 2 2 2 2 2
3 34 0
2 2 2 2 2 2 2 2 2 2
2 2 2 2 2 2 2 2 2 2
2 2 2 2 2 2 2 2 2 2
2 2 2 2 2 2 2 2 2 2
2 2 2 2 2 2 2 2 2 2
2 2 2 2 2 2 2 2 2 2
2 2 2 2 2 2 2 2 2 2
2 2 2 2 2 2 2 2 2 2
2 2 2 2 2 2 2 2 2 2
2 2 2 2 2 2 2 2 2 2
3 35 1
4 7 10 10 3 6 10 8 7 7
2 10 7 2 1 9 7 9 2 10
3 9 3 8 5 1 6 9 1 3
9 3 6 4 6 5 6 3 6 8
1 9 7 9 1 4 3 5 7 8
10 10 10 7 7 3 10 10 9 10
4 2 3 10 3 7 6 4 8 1
9 3 9 1 10 4 9 7 9 9
2 9 4 7 1 4 10 1 7 8
4 4 1 5 9 2 5 4 10 8
3 4 0
2 2 2 2 2 2 2 2 2 2
2 2 2 2 2 2 2 2 2 2
2 2 2 2 2 2 2 2 2 2
2 2 2 2 2 2 2 2 2 2
2 2 2 2 2 2 2 2 2 2
2 2 2 2 2 2 2 2 2 2
2 2 2 2 2 2 2 2 2 2
2 2 2 2 2 2 2 2 2 2
2 2 2 2 2 2 2 2 2 2
2 2 2 2 2 2 2 2 2 2
3 38 0
2 2 2 2 2 2 2 2 2 2
2 2 2 2 2 2 2 2 2 2
2 2 2 2 2 2 2 2 2 2
2 2 2 2 2 2 2 2 2 2
2 2 2 2 2 2 2 2 2 2
2 2 2 2 2 2 2 2 2 2
2 2 2 2 2 2 2 2 2 2
2 2 2 2 2 2 2 2 2 2
2 2 2 2 2 2 2 2 2 2
2 2 2 2 2 2 2 2 2 2
3 39 0
2 2 2 2 2 2 2 2 2 2
2 2 2 2 2 2 2 2 2 2
2 2 2 2 2 2 2 2 2 2
2 2 2 2 2 2 2 2 2 2
2 2 2 2 2 2 2 2 2 2
2 2 2 2 2 2 2 2 2 2
2 2 2 2 2 2 2 2 2 2
2 2 2 2 2 2 2 2 2 2
2 2 2 2 2 2 2 2 2 2
2 2 2 2 2 2 2 2 2 2
3 8 0
1 1 1 1 1 1 1 1 1 1
1 1 1 1 1 1 1 1 1 1
1 1 1 1 1 1 1 1 1 1
1 1 1 1 1 1 1 1 1 1
1 1 1 1 1 1 1 1 1 1
1 1 1 1 1 1 1 1 1 1
1 1 1 1 1 1 1 1 1 1
1 1 1 1 1 1 1 1 1 1
1 1 1 1 1 1 1 1 1 1
1 1 1 1 1 1 1 1 1 1
3 13 1
2 6 2 4 8 10 3 4 7 1
10 1 4 2 1 6 2 5 6 9
9 3 8 9 1 5 10 1 6 2
10 9 1 8 3 3 2 3 4 5
3 9 9 5 1 9 8 1 8 9
2 4 3 1 1 2 1 3 8 1
1 3 6 1 2 7 6 6 6 10
7 9 10 1 10 1 3 1 4 3
10 1 8 8 1 7 3 1 6 7
8 6 4 2 3 8 6 4 8 6
3 15 0
2 2 2 2 2 2 2 2 2 2
2 2 2 2 2 2 2 2 2 2
2 2 2 2 2 2 2 2 2 2
2 2 2 2 2 2 2 2 2 2
2 2 2 2 2 2 2 2 2 2
2 2 2 2 2 2 2 2 2 2
2 2 2 2 2 2 2 2 2 2
2 2 2 2 2 2 2 2 2 2
2 2 2 2 2 2 2 2 2 2
2 2 2 2 2 2 2 2 2 2
3 17 1
10 4 6 6 3 10 6 9 8 7
1 1 10 10 8 9 10 5 4 9
6 7 1 1 5 9 3 2 7 2
7 9 3 2 1 9 3 10 4 10
7 7 3 3 9 3 3 2 2 4
2 7 4 4 7 4 5 2 3 6
2 6 1 10 10 9 8 3 4 1
3 6 8 4 3 2 5 8 3 8
10 5 2 5 4 2 1 2 5 1
6 7 5 3 10 1 3 6 10 6
3 21 1
9 9 9 4 6 2 5 9 2 6
9 3 10 7 5 8 10 6 1 10
2 1 3 10 6 4 2 2 3 2
5 8 4 5 5 1 3 9 2 1
2 8 5 9 10 10 6 8 10 4
8 1 9 4 1 10 2 3 5 5
9 5 3 8 1 3 4 8 7 9
1 9 3 1 3 7 3 10 8 3
9 1 7 5 7 1 3 9 3 1
2 5 7 3 2 8 2 9 8 1
3 26 1
8 6 9 4 1 8 3 9 3 9
3 7 9 10 1 7 5 4 6 6
5 3 8 10 5 1 5 9 2 6
8 1 10 9 3 7 5 6 6 10
6 3 1 10 6 3 1 3 5 3
9 4 1 3 6 7 6 7 2 2
8 6 3 5 8 4 9 10 9 9
3 6 4 10 3 1 5 10 8 10
9 10 4 3 9 6 2 2 10 10
5 9 6 3 1 10 8 3 4 8
3 27 1
7 8 3 2 4 5 8 2 8 7
9 8 6 5 5 7 5 7 6 3
6 8 1 3 3 1 9 5 10 1
7 3 1 2 7 3 1 6 1 6
2 8 9 3 9 9 7 3 10 4
1 5 1 9 8 10 4 6 6 9
5 8 8 2 5 7 2 1 9 1
1 2 2 10 3 4 4 9 1 2
4 2 3 5 1 6 10 2 1 9
6 7 5 1 8 1 4 1 10 5
3 28 0
1 1 1 1 1 1 1 1 1 1
1 1 1 1 1 1 1 1 1 1
1 1 1 1 1 1 1 1 1 1
1 1 1 1 1 1 1 1 1 1
1 1 1 1 1 1 1 1 1 1
1 1 1 1 1 1 1 1 1 1
1 1 1 1 1 1 1 1 1 1
1 1 1 1 1 1 1 1 1 1
1 1 1 1 1 1 1 1 1 1
1 1 1 1 1 1 1 1 1 1
3 30 1
6 5 3 10 1 3 9 4 3 6
9 5 4 6 8 7 6 9 1 5
3 10 4 1 7 2 4 9 1 10
7 7 4 2 1 6 2 5 4 6
8 5 8 6 5 7 8 5 2 8
6 9 10 6 9 4 2 8 4 6
8 8 8 6 9 4 5 10 7 6
1 5 8 8 5 2 4 1 3 9
6 5 5 6 10 6 1 6 2 3
8 6 10 4 2 10 3 3 8 1
4 33 0
1 1 1 1 1 1 1 1 1 1
1 1 1 1 1 1 1 1 1 1
1 1 1 1 1 1 1 1 1 1
1 1 1 1 1 1 1 1 1 1
1 1 1 1 1 1 1 1 1 1
1 1 1 1 1 1 1 1 1 1
1 1 1 1 1 1 1 1 1 1
1 1 1 1 1 1 1 1 1 1
1 1 1 1 1 1 1 1 1 1
1 1 1 1 1 1 1 1 1 1
4 5 0
2 2 2 2 2 2 2 2 2 2
2 2 2 2 2 2 2 2 2 2
2 2 2 2 2 2 2 2 2 2
2 2 2 2 2 2 2 2 2 2
2 2 2 2 2 2 2 2 2 2
2 2 2 2 2 2 2 2 2 2
2 2 2 2 2 2 2 2 2 2
2 2 2 2 2 2 2 2 2 2
2 2 2 2 2 2 2 2 2 2
2 2 2 2 2 2 2 2 2 2
4 38 1
7 7 1 2 9 9 9 6 6 5
1 1 1 5 9 7 6 5 10 8
9 9 4 10 8 3 8 3 3 7
7 5 4 4 6 9 1 8 4 6
8 7 9 3 9 6 1 1 2 5
7 3 4 1 7 7 9 5 3 9
3 7 8 3 8 4 5 3 2 3
2 10 6 4 2 1 6 10 1 1
5 1 10 5 8 8 1 6 1 4
9 10 10 5 1 9 6 8 6 3
4 10 1
1 5 2 3 9 4 4 5 2 4
8 1 9 9 2 10 8 6 1 9
10 10 4 4 6 1 3 7 2 7
7 1 5 1 10 3 10 4 5 10
3 10 4 3 2 9 8 4 3 10
5 9 2 2 5 7 4 8 1 1
3 10 4 4 9 9 4 8 2 6
5 4 8 2 4 4 4 5 6 5
8 8 6 5 3 4 6 7 1 8
1 7 3 5 4 3 3 6 9 10
4 13 0
2 2 2 2 2 2 2 2 2 2
2 2 2 2 2 2 2 2 2 2
2 2 2 2 2 2 2 2 2 2
2 2 2 2 2 2 2 2 2 2
2 2 2 2 2 2 2 2 2 2
2 2 2 2 2 2 2 2 2 2
2 2 2 2 2 2 2 2 2 2
2 2 2 2 2 2 2 2 2 2
2 2 2 2 2 2 2 2 2 2
2 2 2 2 2 2 2 2 2 2
4 16 1
2 2 6 7 6 7 10 2 1 7
7 6 4 3 1 1 7 9 2 6
9 1 8 1 9 2 1 6 9 8
10 10 5 1 10 1 1 1 8 7
1 10 3 5 2 1 8 3 1 1
6 1 9 10 5 4 3 3 10 2
6 5 3 4 8 7 10 2 5 2
9 5 6 10 4 4 3 6 8 9
6 4 9 6 7 1 1 3 8 4
8 2 9 5 5 6 3 5 5 9
4 17 0
1 1 1 1 1 1 1 1 1 1
1 1 1 1 1 1 1 1 1 1
1 1 1 1 1 1 1 1 1 1
1 1 1 1 1 1 1 1 1 1
1 1 1 1 1 1 1 1 1 1
1 1 1 1 1 1 1 1 1 1
1 1 1 1 1 1 1 1 1 1
1 1 1 1 1 1 1 1 1 1
1 1 1 1 1 1 1 1 1 1
1 1 1 1 1 1 1 1 1 1
4 18 0
2 2 2 2 2 2 2 2 2 2
2 2 2 2 2 2 2 2 2 2
2 2 2 2 2 2 2 2 2 2
2 2 2 2 2 2 2 2 2 2
2 2 2 2 2 2 2 2 2 2
2 2 2 2 2 2 2 2 2 2
2 2 2 2 2 2 2 2 2 2
2 2 2 2 2 2 2 2 2 2
2 2 2 2 2 2 2 2 2 2
2 2 2 2 2 2 2 2 2 2
4 20 0
1 1 1 1 1 1 1 1 1 1
1 1 1 1 1 1 1 1 1 1
1 1 1 1 1 1 1 1 1 1
1 1 1 1 1 1 1 1 1 1
1 1 1 1 1 1 1 1 1 1
1 1 1 1 1 1 1 1 1 1
1 1 1 1 1 1 1 1 1 1
1 1 1 1 1 1 1 1 1 1
1 1 1 1 1 1 1 1 1 1
1 1 1 1 1 1 1 1 1 1
4 26 0
1 1 1 1 1 1 1 1 1 1
1 1 1 1 1 1 1 1 1 1
1 1 1 1 1 1 1 1 1 1
1 1 1 1 1 1 1 1 1 1
1 1 1 1 1 1 1 1 1 1
1 1 1 1 1 1 1 1 1 1
1 1 1 1 1 1 1 1 1 1
1 1 1 1 1 1 1 1 1 1
1 1 1 1 1 1 1 1 1 1
1 1 1 1 1 1 1 1 1 1
4 29 0
1 1 1 1 1 1 1 1 1 1
1 1 1 1 1 1 1 1 1 1
1 1 1 1 1 1 1 1 1 1
1 1 1 1 1 1 1 1 1 1
1 1 1 1 1 1 1 1 1 1
1 1 1 1 1 1 1 1 1 1
1 1 1 1 1 1 1 1 1 1
1 1 1 1 1 1 1 1 1 1
1 1 1 1 1 1 1 1 1 1
1 1 1 1 1 1 1 1 1 1
4 31 1
7 1 4 5 4 4 5 9 2 5
7 7 2 2 4 7 10 3 7 9
1 4 3 2 7 10 7 10 6 10
2 1 9 10 5 9 5 7 2 4
6 6 8 4 1 6 5 6 4 6
8 8 8 5 3 1 5 9 1 3
10 3 8 5 7 7 2 10 5 2
1 9 6 7 5 6 4 4 5 9
2 4 5 3 2 6 9 5 6 3
1 8 6 3 8 4 5 10 2 6
4 32 1
1 8 6 1 3 2 7 1 2 9
9 9 5 3 3 9 1 8 9 4
6 1 4 2 10 10 7 5 3 5
1 4 8 8 6 2 1 10 4 3
4 2 3 5 2 4 5 6 1 6
6 9 3 8 7 10 9 1 2 9
10 7 7 10 2 7 7 9 3 5
5 1 6 2 6 10 1 10 3 3
10 4 3 4 1 4 1 10 8 10
7 10 8 1 9 4 5 7 8 3
5 33 0
1 1 1 1 1 1 1 1 1 1
1 1 1 1 1 1 1 1 1 1
1 1 1 1 1 1 1 1 1 1
1 1 1 1 1 1 1 1 1 1
1 1 1 1 1 1 1 1 1 1
1 1 1 1 1 1 1 1 1 1
1 1 1 1 1 1 1 1 1 1
1 1 1 1 1 1 1 1 1 1
1 1 1 1 1 1 1 1 1 1
1 1 1 1 1 1 1 1 1 1
5 34 0
1 1 1 1 1 1 1 1 1 1
1 1 1 1 1 1 1 1 1 1
1 1 1 1 1 1 1 1 1 1
1 1 1 1 1 1 1 1 1 1
1 1 1 1 1 1 1 1 1 1
1 1 1 1 1 1 1 1 1 1
1 1 1 1 1 1 1 1 1 1
1 1 1 1 1 1 1 1 1 1
1 1 1 1 1 1 1 1 1 1
1 1 1 1 1 1 1 1 1 1
5 35 1
3 1 7 6 1 6 2 2 5 2
9 3 10 5 4 6 4 4 5 7
2 10 3 2 6 4 3 5 6 1
3 8 8 4 6 2 10 9 7 4
10 1 4 5 6 10 2 9 6 5
7 7 7 3 2 4 4 6 2 10
4 10 8 10 1 5 5 6 8 1
8 2 9 5 10 3 9 1 7 4
9 9 6 4 3 9 4 6 1 9
1 2 3 7 4 8 2 7 5 10
5 38 1
3 6 3 8 4 1 10 2 4 9
3 9 9 2 1 7 6 1 1 4
8 10 7 1 1 5 9 7 5 10
5 9 9 5 3 5 5 7 6 3
3 4 8 6 3 10 8 10 3 6
6 3 5 8 8 5 10 4 3 10
3 4 1 8 3 6 7 3 7 5
2 9 3 9 5 8 1 5 7 9
2 3 3 5 9 8 8 10 7 2
5 6 9 5 2 6 6 5 3 9
5 40 0
2 2 2 2 2 2 2 2 2 2
2 2 2 2 2 2 2 2 2 2
2 2 2 2 2 2 2 2 2 2
2 2 2 2 2 2 2 2 2 2
2 2 2 2 2 2 2 2 2 2
2 2 2 2 2 2 2 2 2 2
2 2 2 2 2 2 2 2 2 2
2 2 2 2 2 2 2 2 2 2
2 2 2 2 2 2 2 2 2 2
2 2 2 2 2 2 2 2 2 2
5 9 1
6 5 9 4 5 4 7 4 8 1
8 1 8 2 3 4 6 1 7 10
2 3 6 5 7 9 1 10 2 4
3 5 9 7 8 3 6 10 4 4
7 9 9 2 4 3 2 3 7 5
8 7 4 3 1 6 2 8 6 1
6 10 10 1 9 4 6 9 4 1
2 5 4 8 2 7 10 1 10 7
8 1 1 1 9 3 4 9 5 10
3 2 3 10 7 5 10 10 3 9
5 10 0
1 1 1 1 1 1 1 1 1 1
1 1 1 1 1 1 1 1 1 1
1 1 1 1 1 1 1 1 1 1
1 1 1 1 1 1 1 1 1 1
1 1 1 1 1 1 1 1 1 1
1 1 1 1 1 1 1 1 1 1
1 1 1 1 1 1 1 1 1 1
1 1 1 1 1 1 1 1 1 1
1 1 1 1 1 1 1 1 1 1
1 1 1 1 1 1 1 1 1 1
5 11 1
4 5 3 3 5 10 8 3 2 7
9 7 2 2 9 6 3 4 2 9
6 8 7 1 2 3 9 7 6 9
6 7 5 4 2 10 2 5 6 8
10 9 8 1 1 1 8 8 4 2
1 9 9 1 6 7 10 6 10 8
5 1 1 7 3 7 10 10 4 7
9 5 9 8 10 9 4 10 6 3
3 6 6 1 5 9 9 8 5 1
5 4 3 10 9 7 3 5 6 10
5 12 1
5 8 5 5 4 1 8 1 8 1
8 5 3 10 3 5 10 5 5 10
5 9 5 6 10 1 6 3 6 5
1 8 6 8 1 9 5 10 6 6
1 9 2 5 6 9 9 5 4 6
3 5 8 1 10 4 5 8 10 1
9 6 9 9 6 2 7 5 10 8
9 9 6 5 1 4 4 2 5 4
7 2 6 10 10 9 10 9 9 9
6 5 9 2 5 6 3 4 3 8
5 13 0
1 1 1 1 1 1 1 1 1 1
1 1 1 1 1 1 1 1 1 1
1 1 1 1 1 1 1 1 1 1
1 1 1 1 1 1 1 1 1 1
1 1 1 1 1 1 1 1 1 1
1 1 1 1 1 1 1 1 1 1
1 1 1 1 1 1 1 1 1 1
1 1 1 1 1 1 1 1 1 1
1 1 1 1 1 1 1 1 1 1
1 1 1 1 1 1 1 1 1 1
5 14 1
3 3 1 10 4 3 3 6 6 4
4 2 5 8 1 2 4 3 4 1
10 3 8 9 3 4 7 10 7 1
2 7 4 10 8 1 2 1 9 8
5 10 5 4 3 6 10 1 7 10
3 4 5 5 4 2 7 4 9 9
9 8 6 10 4 8 3 3 1 8
5 10 7 7 5 5 6 1 6 5
7 5 7 4 2 1 5 3 2 3
7 8 10 6 7 6 3 3 9 2
5 16 1
10 10 4 9 5 7 4 5 1 3
7 1 4 9 4 7 8 4 3 6
5 8 3 4 10 7 2 6 2 5
3 2 10 3 6 8 9 9 8 9
5 5 4 5 1 2 4 8 10 1
5 1 4 5 6 10 8 6 4 8
4 5 1 5 7 8 8 8 4 5
6 10 3 10 8 3 1 1 10 2
6 4 1 4 7 9 8 3 4 9
6 6 10 3 10 2 9 8 1 3
5 19 1
6 7 3 5 6 3 9 6 2 8
2 6 3 7 1 2 10 4 10 7
5 9 3 4 7 4 7 4 9 4
9 7 3 7 8 1 7 5 3 1
8 3 10 6 9 2 9 6 9 2
5 4 2 5 9 3 8 1 3 8
8 5 1 4 9 1 3 5 6 1
3 7 4 1 4 10 5 1 9 3
6 3 10 5 4 9 7 5 10 8
4 2 9 7 7 5 2 5 7 7
5 36 1
9 9 7 10 1 5 7 8 6 5
8 7 7 4 4 8 6 7 10 6
10 9 9 8 6 1 2 2 8 5
5 5 7 6 6 5 6 2 1 1
7 2 8 6 4 6 1 10 5 7
9 4 1 7 4 2 2 8 5 5
6 10 10 10 3 3 10 4 10 1
10 9 1 10 10 2 2 7 5 5
5 8 6 1 6 1 10 7 2 1
10 10 5 8 4 7 10 8 1 10
5 21 0
1 1 1 1 1 1 1 1 1 1
1 1 1 1 1 1 1 1 1 1
1 1 1 1 1 1 1 1 1 1
1 1 1 1 1 1 1 1 1 1
1 1 1 1 1 1 1 1 1 1
1 1 1 1 1 1 1 1 1 1
1 1 1 1 1 1 1 1 1 1
1 1 1 1 1 1 1 1 1 1
1 1 1 1 1 1 1 1 1 1
1 1 1 1 1 1 1 1 1 1
5 23 0
1 1 1 1 1 1 1 1 1 1
1 1 1 1 1 1 1 1 1 1
1 1 1 1 1 1 1 1 1 1
1 1 1 1 1 1 1 1 1 1
1 1 1 1 1 1 1 1 1 1
1 1 1 1 1 1 1 1 1 1
1 1 1 1 1 1 1 1 1 1
1 1 1 1 1 1 1 1 1 1
1 1 1 1 1 1 1 1 1 1
1 1 1 1 1 1 1 1 1 1
5 26 1
2 5 7 5 4 4 3 3 8 1
2 4 8 7 8 2 7 4 7 9
6 9 6 4 7 5 2 8 8 1
4 5 3 6 7 7 6 8 6 3
6 8 6 1 8 2 3 1 6 2
7 8 5 2 10 4 4 5 10 3
7 5 2 6 9 5 9 6 4 8
5 5 10 8 9 8 3 7 10 3
2 7 2 7 5 2 9 1 4 8
3 7 5 8 1 7 5 2 6 6
5 28 1
2 1 9 1 8 4 10 10 3 10
9 2 6 5 10 3 2 6 10 10
8 10 7 2 5 6 9 6 2 8
10 3 2 10 3 8 2 2 6 9
10 4 10 2 4 5 1 6 6 6
10 9 3 7 5 8 5 8 7 7
8 8 3 7 5 1 2 3 5 1
8 6 4 1 3 10 8 3 2 5
10 5 1 1 1 1 1 8 6 9
7 4 1 2 10 1 4 5 10 1
5 30 0
2 2 2 2 2 2 2 2 2 2
2 2 2 2 2 2 2 2 2 2
2 2 2 2 2 2 2 2 2 2
2 2 2 2 2 2 2 2 2 2
2 2 2 2 2 2 2 2 2 2
2 2 2 2 2 2 2 2 2 2
2 2 2 2 2 2 2 2 2 2
2 2 2 2 2 2 2 2 2 2
2 2 2 2 2 2 2 2 2 2
2 2 2 2 2 2 2 2 2 2
6 35 1
4 9 4 4 9 8 10 2 7 1
9 9 6 5 2 9 3 1 2 6
10 2 7 8 7 2 1 9 3 3
4 9 2 2 4 10 2 7 1 1
1 1 6 1 2 4 2 10 9 6
6 7 10 9 1 1 1 4 8 6
4 7 8 6 1 8 4 6 9 6
8 1 7 8 1 4 4 2 6 3
5 9 8 10 4 3 3 4 5 7
9 5 6 2 8 2 6 10 10 5
6 12 1
8 3 2 2 7 5 3 7 10 1
3 9 8 10 9 5 5 7 7 3
5 4 10 1 4 10 1 2 2 9
3 3 10 9 9 9 1 6 2 7
3 7 3 6 8 6 7 9 9 9
3 10 1 5 6 7 6 3 1 3
9 2 1 1 1 7 6 3 7 7
4 9 1 8 9 1 6 4 6 2
5 4 7 8 5 2 1 5 8 3
4 4 1 10 1 4 8 10 7 9
6 37 0
2 2 2 2 2 2 2 2 2 2
2 2 2 2 2 2 2 2 2 2
2 2 2 2 2 2 2 2 2 2
2 2 2 2 2 2 2 2 2 2
2 2 2 2 2 2 2 2 2 2
2 2 2 2 2 2 2 2 2 2
2 2 2 2 2 2 2 2 2 2
2 2 2 2 2 2 2 2 2 2
2 2 2 2 2 2 2 2 2 2
2 2 2 2 2 2 2 2 2 2
6 38 1
3 9 6 7 10 5 9 5 6 3
3 2 2 9 2 2 6 4 5 3
8 3 5 5 8 3 6 3 1 8
8 4 4 7 10 4 3 4 4 8
1 1 5 7 2 7 2 3 1 2
4 6 3 5 5 7 9 7 1 4
5 4 9 10 2 8 7 9 1 9
6 10 2 7 9 10 10 1 2 4
2 6 10 9 8 9 10 10 9 6
3 9 8 8 5 2 6 2 9 5
6 39 1
4 5 7 9 1 10 7 9 7 7
4 10 2 9 10 6 3 4 4 7
4 6 8 3 5 8 7 10 8 9
8 1 8 2 7 1 1 3 7 3
1 9 7 9 7 8 2 6 7 9
6 9 6 8 8 2 4 9 2 9
4 3 3 8 6 10 7 5 3 5
9 6 5 7 7 5 8 1 6 5
10 2 4 1 6 6 3 8 4 4
9 8 4 5 2 2 9 5 1 9
6 40 0
1 1 1 1 1 1 1 1 1 1
1 1 1 1 1 1 1 1 1 1
1 1 1 1 1 1 1 1 1 1
1 1 1 1 1 1 1 1 1 1
1 1 1 1 1 1 1 1 1 1
1 1 1 1 1 1 1 1 1 1
1 1 1 1 1 1 1 1 1 1
1 1 1 1 1 1 1 1 1 1
1 1 1 1 1 1 1 1 1 1
1 1 1 1 1 1 1 1 1 1
6 8 0
2 2 2 2 2 2 2 2 2 2
2 2 2 2 2 2 2 2 2 2
2 2 2 2 2 2 2 2 2 2
2 2 2 2 2 2 2 2 2 2
2 2 2 2 2 2 2 2 2 2
2 2 2 2 2 2 2 2 2 2
2 2 2 2 2 2 2 2 2 2
2 2 2 2 2 2 2 2 2 2
2 2 2 2 2 2 2 2 2 2
2 2 2 2 2 2 2 2 2 2
6 16 1
4 8 3 4 9 10 8 4 1 4
8 5 9 9 2 10 1 9 2 2
2 4 8 7 9 4 7 9 2 9
10 2 1 10 5 4 7 9 6 4
2 6 7 10 1 7 8 3 8 6
10 2 9 7 5 2 2 10 3 2
4 5 5 2 1 1 4 8 7 3
9 8 8 4 7 6 1 8 5 6
9 5 8 6 10 3 10 9 5 7
8 5 10 5 7 8 7 5 6 6
6 17 1
1 1 3 2 7 3 1 9 10 7
8 4 4 4 4 8 4 8 3 5
9 5 3 10 6 6 6 5 7 9
6 6 4 1 3 3 3 2 7 3
8 7 2 10 3 8 5 10 7 1
6 9 10 1 8 2 10 5 10 5
10 5 7 10 9 4 5 6 10 3
2 7 9 1 6 2 9 2 5 5
9 7 1 6 10 10 5 2 4 7
4 9 7 8 8 3 2 9 9 1
6 19 0
2 2 2 2 2 2 2 2 2 2
2 2 2 2 2 2 2 2 2 2
2 2 2 2 2 2 2 2 2 2
2 2 2 2 2 2 2 2 2 2
2 2 2 2 2 2 2 2 2 2
2 2 2 2 2 2 2 2 2 2
2 2 2 2 2 2 2 2 2 2
2 2 2 2 2 2 2 2 2 2
2 2 2 2 2 2 2 2 2 2
2 2 2 2 2 2 2 2 2 2
6 21 1
2 10 1 7 9 3 3 5 10 7
3 6 10 4 6 6 9 4 9 7
2 2 8 1 10 2 5 5 9 5
10 3 5 4 5 10 8 8 5 10
3 4 7 6 4 2 5 3 7 9
3 8 2 8 2 3 3 1 10 9
8 5 9 5 10 3 8 4 1 6
2 10 7 4 5 3 2 1 1 6
9 8 2 1 3 7 8 7 1 5
2 9 8 4 10 4 3 2 4 3
6 24 0
2 2 2 2 2 2 2 2 2 2
2 2 2 2 2 2 2 2 2 2
2 2 2 2 2 2 2 2 2 2
2 2 2 2 2 2 2 2 2 2
2 2 2 2 2 2 2 2 2 2
2 2 2 2 2 2 2 2 2 2
2 2 2 2 2 2 2 2 2 2
2 2 2 2 2 2 2 2 2 2
2 2 2 2 2 2 2 2 2 2
2 2 2 2 2 2 2 2 2 2
6 27 1
10 4 6 7 2 5 2 2 6 10
10 3 4 4 6 10 10 3 5 6
5 5 4 1 9 2 1 3 5 6
8 3 8 9 4 7 2 8 4 10
2 8 5 5 2 8 3 1 4 4
5 10 7 10 3 1 5 9 2 2
5 7 5 1 5 5 2 7 2 3
1 9 10 9 2 10 8 2 3 6
1 4 6 1 6 9 7 5 6 4
9 2 6 8 5 2 8 2 5 5
6 28 0
2 2 2 2 2 2 2 2 2 2
2 2 2 2 2 2 2 2 2 2
2 2 2 2 2 2 2 2 2 2
2 2 2 2 2 2 2 2 2 2
2 2 2 2 2 2 2 2 2 2
2 2 2 2 2 2 2 2 2 2
2 2 2 2 2 2 2 2 2 2
2 2 2 2 2 2 2 2 2 2
2 2 2 2 2 2 2 2 2 2
2 2 2 2 2 2 2 2 2 2
6 30 0
1 1 1 1 1 1 1 1 1 1
1 1 1 1 1 1 1 1 1 1
1 1 1 1 1 1 1 1 1 1
1 1 1 1 1 1 1 1 1 1
1 1 1 1 1 1 1 1 1 1
1 1 1 1 1 1 1 1 1 1
1 1 1 1 1 1 1 1 1 1
1 1 1 1 1 1 1 1 1 1
1 1 1 1 1 1 1 1 1 1
1 1 1 1 1 1 1 1 1 1
7 33 1
9 1 4 6 3 5 3 3 6 10
7 9 10 9 7 7 10 6 7 2
1 3 2 5 9 6 3 5 10 1
8 2 9 2 2 6 7 4 2 10
5 2 10 10 9 6 3 6 4 2
4 7 7 6 3 1 8 10 4 7
6 2 1 9 10 5 3 3 2 2
9 5 8 5 1 2 10 4 9 10
9 9 6 5 2 7 10 8 2 6
8 8 8 8 1 8 3 6 6 7
7 37 1
6 10 6 6 2 6 3 5 2 2
8 8 2 8 9 7 6 5 3 7
8 1 1 8 9 1 9 8 8 10
10 2 3 9 9 4 2 1 1 2
5 7 1 1 1 5 7 2 4 4
2 10 6 10 3 4 7 5 8 5
4 2 8 8 7 7 6 7 10 8
3 5 5 10 1 1 7 10 8 7
9 10 1 8 4 6 3 6 8 9
3 8 2 2 8 9 3 6 8 10
7 39 1
7 8 9 3 5 5 7 1 9 2
8 9 1 4 2 9 7 5 2 6
6 2 2 8 4 2 2 10 5 6
2 1 3 8 3 8 9 9 5 10
6 7 5 5 10 2 10 7 5 1
8 2 3 9 3 5 3 3 3 8
5 2 9 4 5 6 5 9 10 4
5 10 5 10 4 6 6 7 3 7
2 6 5 8 8 3 7 3 10 10
9 5 4 4 7 1 7 8 3 5
7 40 0
1 1 1 1 1 1 1 1 1 1
1 1 1 1 1 1 1 1 1 1
1 1 1 1 1 1 1 1 1 1
1 1 1 1 1 1 1 1 1 1
1 1 1 1 1 1 1 1 1 1
1 1 1 1 1 1 1 1 1 1
1 1 1 1 1 1 1 1 1 1
1 1 1 1 1 1 1 1 1 1
1 1 1 1 1 1 1 1 1 1
1 1 1 1 1 1 1 1 1 1
7 12 0
2 2 2 2 2 2 2 2 2 2
2 2 2 2 2 2 2 2 2 2
2 2 2 2 2 2 2 2 2 2
2 2 2 2 2 2 2 2 2 2
2 2 2 2 2 2 2 2 2 2
2 2 2 2 2 2 2 2 2 2
2 2 2 2 2 2 2 2 2 2
2 2 2 2 2 2 2 2 2 2
2 2 2 2 2 2 2 2 2 2
2 2 2 2 2 2 2 2 2 2
7 14 0
1 1 1 1 1 1 1 1 1 1
1 1 1 1 1 1 1 1 1 1
1 1 1 1 1 1 1 1 1 1
1 1 1 1 1 1 1 1 1 1
1 1 1 1 1 1 1 1 1 1
1 1 1 1 1 1 1 1 1 1
1 1 1 1 1 1 1 1 1 1
1 1 1 1 1 1 1 1 1 1
1 1 1 1 1 1 1 1 1 1
1 1 1 1 1 1 1 1 1 1
7 17 0
2 2 2 2 2 2 2 2 2 2
2 2 2 2 2 2 2 2 2 2
2 2 2 2 2 2 2 2 2 2
2 2 2 2 2 2 2 2 2 2
2 2 2 2 2 2 2 2 2 2
2 2 2 2 2 2 2 2 2 2
2 2 2 2 2 2 2 2 2 2
2 2 2 2 2 2 2 2 2 2
2 2 2 2 2 2 2 2 2 2
2 2 2 2 2 2 2 2 2 2
7 18 1
4 3 1 9 5 5 8 8 5 10
1 7 10 2 5 7 1 8 5 2
4 9 2 5 6 9 10 2 6 6
2 9 3 6 6 6 3 2 9 10
2 3 6 7 9 3 3 5 5 4
5 8 2 10 8 6 7 9 4 8
9 3 5 8 7 5 9 5 9 10
9 4 5 4 9 5 4 8 1 10
1 2 6 1 3 2 8 6 5 9
6 1 10 7 8 7 4 10 10 7
7 19 1
5 6 10 1 4 2 7 3 3 10
7 4 6 4 10 9 5 2 4 7
5 8 8 7 2 9 8 4 3 5
10 6 9 7 3 4 8 9 10 3
2 7 3 7 8 8 5 8 5 7
10 2 9 3 6 1 2 10 6 9
10 3 3 6 3 8 10 4 5 1
2 3 2 8 3 4 9 1 8 8
2 1 8 2 7 4 4 1 9 8
1 3 2 4 7 4 4 5 7 6
7 22 1
9 1 6 6 6 1 9 2 8 3
6 6 2 4 2 10 5 3 8 2
5 3 10 5 10 6 3 7 7 3
3 2 4 4 10 1 4 9 6 7
6 4 3 10 5 8 8 8 2 5
7 7 10 5 2 10 6 9 7 2
4 9 9 1 1 4 8 6 3 8
10 7 3 6 1 6 10 1 1 3
4 7 3 1 2 2 8 1 3 1
4 4 2 6 4 1 5 1 8 3
7 24 0
1 1 1 1 1 1 1 1 1 1
1 1 1 1 1 1 1 1 1 1
1 1 1 1 1 1 1 1 1 1
1 1 1 1 1 1 1 1 1 1
1 1 1 1 1 1 1 1 1 1
1 1 1 1 1 1 1 1 1 1
1 1 1 1 1 1 1 1 1 1
1 1 1 1 1 1 1 1 1 1
1 1 1 1 1 1 1 1 1 1
1 1 1 1 1 1 1 1 1 1
7 26 0
1 1 1 1 1 1 1 1 1 1
1 1 1 1 1 1 1 1 1 1
1 1 1 1 1 1 1 1 1 1
1 1 1 1 1 1 1 1 1 1
1 1 1 1 1 1 1 1 1 1
1 1 1 1 1 1 1 1 1 1
1 1 1 1 1 1 1 1 1 1
1 1 1 1 1 1 1 1 1 1
1 1 1 1 1 1 1 1 1 1
1 1 1 1 1 1 1 1 1 1
7 27 0
1 1 1 1 1 1 1 1 1 1
1 1 1 1 1 1 1 1 1 1
1 1 1 1 1 1 1 1 1 1
1 1 1 1 1 1 1 1 1 1
1 1 1 1 1 1 1 1 1 1
1 1 1 1 1 1 1 1 1 1
1 1 1 1 1 1 1 1 1 1
1 1 1 1 1 1 1 1 1 1
1 1 1 1 1 1 1 1 1 1
1 1 1 1 1 1 1 1 1 1
7 28 0
1 1 1 1 1 1 1 1 1 1
1 1 1 1 1 1 1 1 1 1
1 1 1 1 1 1 1 1 1 1
1 1 1 1 1 1 1 1 1 1
1 1 1 1 1 1 1 1 1 1
1 1 1 1 1 1 1 1 1 1
1 1 1 1 1 1 1 1 1 1
1 1 1 1 1 1 1 1 1 1
1 1 1 1 1 1 1 1 1 1
1 1 1 1 1 1 1 1 1 1
7 31 1
1 2 1 6 9 8 9 6 8 5
1 1 3 10 10 1 1 1 4 10
7 3 7 3 7 8 8 5 4 8
4 3 3 7 2 3 10 5 8 6
10 3 10 1 7 6 9 8 8 4
10 7 7 5 7 9 9 3 3 5
1 9 5 10 6 8 2 3 5 6
3 8 4 10 7 10 1 2 9 2
9 4 9 1 3 6 4 10 6 7
2 1 2 3 7 2 5 7 2 8
7 32 1
5 7 8 3 8 5 5 5 1 10
2 1 10 3 2 6 6 3 9 2
10 1 7 4 9 10 3 10 6 9
8 2 7 8 5 7 6 6 3 5
4 2 7 4 5 7 2 2 6 5
9 1 1 10 10 9 7 9 10 3
5 7 1 3 3 6 9 10 1 10
4 4 10 10 4 4 8 9 8 4
5 5 10 7 5 6 2 5 1 8
8 2 1 3 10 5 2 5 5 9
8 35 0
2 2 2 2 2 2 2 2 2 2
2 2 2 2 2 2 2 2 2 2
2 2 2 2 2 2 2 2 2 2
2 2 2 2 2 2 2 2 2 2
2 2 2 2 2 2 2 2 2 2
2 2 2 2 2 2 2 2 2 2
2 2 2 2 2 2 2 2 2 2
2 2 2 2 2 2 2 2 2 2
2 2 2 2 2 2 2 2 2 2
2 2 2 2 2 2 2 2 2 2
8 39 0
1 1 1 1 1 1 1 1 1 1
1 1 1 1 1 1 1 1 1 1
1 1 1 1 1 1 1 1 1 1
1 1 1 1 1 1 1 1 1 1
1 1 1 1 1 1 1 1 1 1
1 1 1 1 1 1 1 1 1 1
1 1 1 1 1 1 1 1 1 1
1 1 1 1 1 1 1 1 1 1
1 1 1 1 1 1 1 1 1 1
1 1 1 1 1 1 1 1 1 1
8 40 1
8 10 9 6 7 9 4 9 9 8
6 5 5 5 5 4 8 7 7 7
1 7 1 7 2 10 8 5 9 3
6 4 6 6 4 3 3 4 7 9
2 4 3 9 5 10 6 2 7 5
6 2 7 1 1 8 3 2 5 4
6 10 1 6 10 10 4 3 5 1
2 10 3 7 4 10 10 7 3 5
8 1 10 8 5 7 7 4 6 9
7 1 7 4 8 3 10 7 10 6
8 9 1
4 8 2 7 8 9 8 6 5 4
6 4 4 8 9 5 3 2 4 7
1 7 3 8 4 8 4 9 1 1
6 4 3 2 3 5 10 5 4 10
9 6 2 3 6 3 9 8 1 9
5 9 7 5 1 9 3 9 10 10
2 4 7 10 5 2 10 6 7 5
4 10 1 9 5 5 2 5 10 4
3 6 9 10 9 3 1 4 5 8
6 8 4 8 2 1 9 1 7 4
8 15 1
7 5 1 10 7 6 3 5 6 9
3 5 8 8 2 5 7 2 8 10
7 10 5 8 7 7 5 1 6 5
8 1 10 4 7 8 6 6 3 5
7 2 2 8 6 5 5 3 6 4
1 8 6 6 10 2 1 7 7 9
8 6 7 7 3 8 7 10 7 8
5 2 1 5 4 8 1 3 5 8
1 6 10 6 1 10 1 5 4 9
1 3 9 2 1 4 10 8 10 6
8 20 0
1 1 1 1 1 1 1 1 1 1
1 1 1 1 1 1 1 1 1 1
1 1 1 1 1 1 1 1 1 1
1 1 1 1 1 1 1 1 1 1
1 1 1 1 1 1 1 1 1 1
1 1 1 1 1 1 1 1 1 1
1 1 1 1 1 1 1 1 1 1
1 1 1 1 1 1 1 1 1 1
1 1 1 1 1 1 1 1 1 1
1 1 1 1 1 1 1 1 1 1
8 22 1
3 8 2 3 5 10 7 5 6 10
6 5 2 9 1 2 10 2 4 6
4 5 10 3 3 8 10 1 3 2
10 1 9 3 2 9 10 5 4 2
5 9 1 7 7 2 3 6 2 7
4 2 7 3 8 10 8 10 7 4
3 6 9 8 7 4 1 5 4 2
2 3 8 4 5 1 7 3 9 2
5 9 10 5 4 5 10 5 10 10
6 4 10 3 1 3 6 3 1 10
8 23 1
5 9 3 9 3 7 1 7 10 8
9 3 7 8 3 8 5 1 6 7
3 1 1 5 8 7 6 7 3 2
5 8 6 7 6 6 1 2 10 10
8 10 5 7 10 9 1 7 6 2
10 9 10 2 8 10 3 5 1 3
3 1 7 6 1 10 5 9 10 10
4 2 2 6 6 4 6 8 8 2
10 3 4 7 8 10 10 7 6 2
6 4 8 6 1 9 4 9 3 9
8 26 0
1 1 1 1 1 1 1 1 1 1
1 1 1 1 1 1 1 1 1 1
1 1 1 1 1 1 1 1 1 1
1 1 1 1 1 1 1 1 1 1
1 1 1 1 1 1 1 1 1 1
1 1 1 1 1 1 1 1 1 1
1 1 1 1 1 1 1 1 1 1
1 1 1 1 1 1 1 1 1 1
1 1 1 1 1 1 1 1 1 1
1 1 1 1 1 1 1 1 1 1
8 32 0
2 2 2 2 2 2 2 2 2 2
2 2 2 2 2 2 2 2 2 2
2 2 2 2 2 2 2 2 2 2
2 2 2 2 2 2 2 2 2 2
2 2 2 2 2 2 2 2 2 2
2 2 2 2 2 2 2 2 2 2
2 2 2 2 2 2 2 2 2 2
2 2 2 2 2 2 2 2 2 2
2 2 2 2 2 2 2 2 2 2
2 2 2 2 2 2 2 2 2 2
9 36 0
2 2 2 2 2 2 2 2 2 2
2 2 2 2 2 2 2 2 2 2
2 2 2 2 2 2 2 2 2 2
2 2 2 2 2 2 2 2 2 2
2 2 2 2 2 2 2 2 2 2
2 2 2 2 2 2 2 2 2 2
2 2 2 2 2 2 2 2 2 2
2 2 2 2 2 2 2 2 2 2
2 2 2 2 2 2 2 2 2 2
2 2 2 2 2 2 2 2 2 2
9 38 0
2 2 2 2 2 2 2 2 2 2
2 2 2 2 2 2 2 2 2 2
2 2 2 2 2 2 2 2 2 2
2 2 2 2 2 2 2 2 2 2
2 2 2 2 2 2 2 2 2 2
2 2 2 2 2 2 2 2 2 2
2 2 2 2 2 2 2 2 2 2
2 2 2 2 2 2 2 2 2 2
2 2 2 2 2 2 2 2 2 2
2 2 2 2 2 2 2 2 2 2
9 12 1
5 5 6 10 5 3 6 6 6 1
9 7 3 9 2 8 7 7 1 9
9 8 1 7 4 4 8 10 10 10
7 8 6 2 5 7 6 8 5 2
8 6 3 9 2 3 7 9 1 6
9 5 3 3 6 4 2 8 1 9
7 3 5 9 4 1 1 5 7 1
10 1 3 10 5 5 10 2 8 6
6 5 10 2 9 2 9 8 8 2
1 9 4 10 6 4 10 6 9 4
9 13 1
8 4 8 8 4 7 10 2 5 6
7 10 10 4 10 1 3 1 5 5
2 1 10 2 5 8 6 10 7 9
4 9 5 6 8 5 4 8 6 3
7 7 8 4 7 5 6 10 3 10
6 9 8 5 9 9 3 5 10 7
8 10 5 1 4 3 5 4 2 10
9 1 7 8 8 10 2 3 1 4
5 9 9 8 5 8 2 1 5 1
1 5 7 8 5 4 10 9 9 3
9 34 0
2 2 2 2 2 2 2 2 2 2
2 2 2 2 2 2 2 2 2 2
2 2 2 2 2 2 2 2 2 2
2 2 2 2 2 2 2 2 2 2
2 2 2 2 2 2 2 2 2 2
2 2 2 2 2 2 2 2 2 2
2 2 2 2 2 2 2 2 2 2
2 2 2 2 2 2 2 2 2 2
2 2 2 2 2 2 2 2 2 2
2 2 2 2 2 2 2 2 2 2
9 18 1
6 2 2 7 10 5 4 8 4 10
5 3 2 2 7 7 5 7 1 5
2 10 10 1 5 10 10 8 4 10
6 7 8 1 3 1 8 2 10 10
7 5 8 1 3 1 1 3 9 10
8 9 4 9 4 7 9 1 4 9
8 2 8 3 7 4 10 9 3 1
3 9 2 7 10 5 10 8 2 10
9 2 4 6 10 2 3 5 3 1
7 1 8 6 6 10 1 2 2 7
9 21 0
2 2 2 2 2 2 2 2 2 2
2 2 2 2 2 2 2 2 2 2
2 2 2 2 2 2 2 2 2 2
2 2 2 2 2 2 2 2 2 2
2 2 2 2 2 2 2 2 2 2
2 2 2 2 2 2 2 2 2 2
2 2 2 2 2 2 2 2 2 2
2 2 2 2 2 2 2 2 2 2
2 2 2 2 2 2 2 2 2 2
2 2 2 2 2 2 2 2 2 2
9 23 0
1 1 1 1 1 1 1 1 1 1
1 1 1 1 1 1 1 1 1 1
1 1 1 1 1 1 1 1 1 1
1 1 1 1 1 1 1 1 1 1
1 1 1 1 1 1 1 1 1 1
1 1 1 1 1 1 1 1 1 1
1 1 1 1 1 1 1 1 1 1
1 1 1 1 1 1 1 1 1 1
1 1 1 1 1 1 1 1 1 1
1 1 1 1 1 1 1 1 1 1
9 24 0
1 1 1 1 1 1 1 1 1 1
1 1 1 1 1 1 1 1 1 1
1 1 1 1 1 1 1 1 1 1
1 1 1 1 1 1 1 1 1 1
1 1 1 1 1 1 1 1 1 1
1 1 1 1 1 1 1 1 1 1
1 1 1 1 1 1 1 1 1 1
1 1 1 1 1 1 1 1 1 1
1 1 1 1 1 1 1 1 1 1
1 1 1 1 1 1 1 1 1 1
9 25 1
9 4 8 8 4 2 6 2 8 6
2 6 2 4 1 1 5 10 9 3
1 3 1 4 3 3 7 2 1 4
9 1 6 1 6 3 1 5 2 4
4 10 5 2 9 6 7 9 10 6
7 10 2 1 4 5 8 3 1 5
8 3 5 9 5 5 5 3 10 5
5 5 3 2 4 6 7 8 9 10
6 6 3 7 4 4 4 3 1 8
6 6 9 1 9 4 4 8 5 9
9 26 0
2 2 2 2 2 2 2 2 2 2
2 2 2 2 2 2 2 2 2 2
2 2 2 2 2 2 2 2 2 2
2 2 2 2 2 2 2 2 2 2
2 2 2 2 2 2 2 2 2 2
2 2 2 2 2 2 2 2 2 2
2 2 2 2 2 2 2 2 2 2
2 2 2 2 2 2 2 2 2 2
2 2 2 2 2 2 2 2 2 2
2 2 2 2 2 2 2 2 2 2
9 27 1
2 10 5 7 2 3 6 7 5 8
4 2 1 1 10 3 3 3 9 9
1 10 6 3 10 9 1 1 8 9
10 10 10 10 4 3 9 10 10 10
2 1 9 6 4 4 1 4 1 5
9 2 9 8 10 2 3 5 8 4
10 8 2 6 10 4 1 3 10 3
3 8 4 5 4 3 5 7 6 1
10 7 4 8 7 10 4 6 3 5
1 10 10 8 3 5 5 3 8 1
9 28 1
7 6 3 9 3 7 5 9 7 9
1 10 6 6 6 10 4 8 10 9
5 4 5 3 2 7 3 1 6 5
1 7 5 10 8 5 8 1 6 7
1 3 8 5 9 4 10 5 10 2
7 5 8 7 2 4 5 2 10 2
7 5 10 1 8 8 4 3 1 3
2 10 2 7 2 7 6 4 3 8
9 8 8 3 3 3 10 7 5 6
6 2 4 4 8 9 3 3 3 10
9 29 0
1 1 1 1 1 1 1 1 1 1
1 1 1 1 1 1 1 1 1 1
1 1 1 1 1 1 1 1 1 1
1 1 1 1 1 1 1 1 1 1
1 1 1 1 1 1 1 1 1 1
1 1 1 1 1 1 1 1 1 1
1 1 1 1 1 1 1 1 1 1
1 1 1 1 1 1 1 1 1 1
1 1 1 1 1 1 1 1 1 1
1 1 1 1 1 1 1 1 1 1
9 30 0
2 2 2 2 2 2 2 2 2 2
2 2 2 2 2 2 2 2 2 2
2 2 2 2 2 2 2 2 2 2
2 2 2 2 2 2 2 2 2 2
2 2 2 2 2 2 2 2 2 2
2 2 2 2 2 2 2 2 2 2
2 2 2 2 2 2 2 2 2 2
2 2 2 2 2 2 2 2 2 2
2 2 2 2 2 2 2 2 2 2
2 2 2 2 2 2 2 2 2 2
9 37 0
1 1 1 1 1 1 1 1 1 1
1 1 1 1 1 1 1 1 1 1
1 1 1 1 1 1 1 1 1 1
1 1 1 1 1 1 1 1 1 1
1 1 1 1 1 1 1 1 1 1
1 1 1 1 1 1 1 1 1 1
1 1 1 1 1 1 1 1 1 1
1 1 1 1 1 1 1 1 1 1
1 1 1 1 1 1 1 1 1 1
1 1 1 1 1 1 1 1 1 1
10 33 1
2 7 9 5 10 4 6 4 2 9
8 1 9 3 8 3 5 10 10 5
5 3 6 8 9 10 10 7 3 1
9 1 2 7 5 1 3 1 10 3
8 6 1 1 7 4 5 3 4 8
9 9 4 8 6 5 8 2 4 3
1 7 8 5 5 1 2 8 1 2
6 5 8 3 9 6 6 5 3 6
7 8 3 4 8 10 6 7 10 7
2 9 4 3 7 7 2 10 6 1
10 35 0
2 2 2 2 2 2 2 2 2 2
2 2 2 2 2 2 2 2 2 2
2 2 2 2 2 2 2 2 2 2
2 2 2 2 2 2 2 2 2 2
2 2 2 2 2 2 2 2 2 2
2 2 2 2 2 2 2 2 2 2
2 2 2 2 2 2 2 2 2 2
2 2 2 2 2 2 2 2 2 2
2 2 2 2 2 2 2 2 2 2
2 2 2 2 2 2 2 2 2 2
10 37 1
6 4 7 7 10 1 7 6 2 5
6 4 8 2 9 6 5 5 10 6
8 3 8 3 9 7 7 9 2 3
8 5 8 4 8 10 3 4 10 9
5 7 3 10 2 1 9 3 4 10
9 10 2 4 9 7 10 9 5 7
8 4 3 5 3 9 9 7 7 5
8 5 4 2 9 6 2 10 4 7
3 3 5 10 7 7 4 8 6 4
6 2 5 7 1 2 9 3 8 10
10 39 0
2 2 2 2 2 2 2 2 2 2
2 2 2 2 2 2 2 2 2 2
2 2 2 2 2 2 2 2 2 2
2 2 2 2 2 2 2 2 2 2
2 2 2 2 2 2 2 2 2 2
2 2 2 2 2 2 2 2 2 2
2 2 2 2 2 2 2 2 2 2
2 2 2 2 2 2 2 2 2 2
2 2 2 2 2 2 2 2 2 2
2 2 2 2 2 2 2 2 2 2
10 14 0
2 2 2 2 2 2 2 2 2 2
2 2 2 2 2 2 2 2 2 2
2 2 2 2 2 2 2 2 2 2
2 2 2 2 2 2 2 2 2 2
2 2 2 2 2 2 2 2 2 2
2 2 2 2 2 2 2 2 2 2
2 2 2 2 2 2 2 2 2 2
2 2 2 2 2 2 2 2 2 2
2 2 2 2 2 2 2 2 2 2
2 2 2 2 2 2 2 2 2 2
10 15 0
2 2 2 2 2 2 2 2 2 2
2 2 2 2 2 2 2 2 2 2
2 2 2 2 2 2 2 2 2 2
2 2 2 2 2 2 2 2 2 2
2 2 2 2 2 2 2 2 2 2
2 2 2 2 2 2 2 2 2 2
2 2 2 2 2 2 2 2 2 2
2 2 2 2 2 2 2 2 2 2
2 2 2 2 2 2 2 2 2 2
2 2 2 2 2 2 2 2 2 2
10 18 1
5 2 5 4 1 7 3 7 1 3
2 6 4 10 4 8 6 1 4 7
5 5 10 6 2 3 5 8 6 10
1 2 10 8 4 4 6 8 5 6
2 6 5 3 10 6 4 6 2 5
9 1 9 8 7 3 5 5 2 10
8 7 3 6 2 4 5 7 5 8
7 6 2 4 5 8 10 6 8 6
1 8 10 1 7 7 3 8 4 4
8 6 6 9 9 7 10 8 7 2
10 20 1
7 6 3 3 6 4 3 7 3 6
5 5 10 3 8 4 10 4 7 8
5 9 8 5 1 1 4 6 2 5
3 1 8 10 2 4 7 9 5 8
1 5 2 9 3 8 6 2 2 10
9 4 1 4 4 9 2 8 10 9
8 1 1 10 10 5 5 2 9 8
6 10 7 4 8 8 5 3 1 10
3 1 1 9 7 8 10 3 5 1
1 3 3 7 3 1 3 3 5 5
10 21 0
2 2 2 2 2 2 2 2 2 2
2 2 2 2 2 2 2 2 2 2
2 2 2 2 2 2 2 2 2 2
2 2 2 2 2 2 2 2 2 2
2 2 2 2 2 2 2 2 2 2
2 2 2 2 2 2 2 2 2 2
2 2 2 2 2 2 2 2 2 2
2 2 2 2 2 2 2 2 2 2
2 2 2 2 2 2 2 2 2 2
2 2 2 2 2 2 2 2 2 2
10 27 1
2 7 10 9 5 9 1 4 3 9
7 2 7 5 4 10 5 7 2 9
2 5 1 5 6 7 10 9 4 9
9 1 10 9 4 10 1 3 10 4
2 9 2 8 9 5 7 6 3 9
10 3 9 4 8 7 7 7 5 2
6 6 6 7 1 4 8 1 1 9
6 8 5 7 7 3 3 2 10 7
7 2 8 7 3 1 6 6 3 1
9 3 6 2 10 3 6 1 6 3
10 30 0
2 2 2 2 2 2 2 2 2 2
2 2 2 2 2 2 2 2 2 2
2 2 2 2 2 2 2 2 2 2
2 2 2 2 2 2 2 2 2 2
2 2 2 2 2 2 2 2 2 2
2 2 2 2 2 2 2 2 2 2
2 2 2 2 2 2 2 2 2 2
2 2 2 2 2 2 2 2 2 2
2 2 2 2 2 2 2 2 2 2
2 2 2 2 2 2 2 2 2 2
10 31 1
2 8 3 7 10 7 4 9 10 8
8 8 7 9 8 10 5 10 7 1
10 3 10 5 7 5 3 5 4 5
8 6 10 2 10 5 10 2 6 3
7 5 6 8 4 6 10 2 6 4
1 4 5 10 2 4 5 8 1 8
6 6 6 2 4 4 8 7 9 1
7 5 5 4 8 10 5 3 10 7
4 10 3 5 3 3 9 9 3 7
5 2 5 9 4 9 8 6 1 5
10 36 1
1 4 5 8 1 10 5 6 4 4
3 3 2 2 4 4 5 9 5 3
7 4 8 7 7 4 7 1 9 2
4 7 4 1 6 1 1 3 7 4
9 3 4 9 8 9 6 2 9 10
2 8 6 5 2 3 3 8 7 3
7 1 3 6 10 2 5 10 4 2
2 7 3 8 5 7 10 10 1 4
4 3 6 6 6 1 1 4 3 2
2 1 5 5 7 10 4 9 9 6
11 33 1
10 5 6 4 3 9 8 10 5 8
10 2 4 8 5 7 1 7 5 9
8 3 9 2 7 1 6 1 7 6
7 4 8 2 7 1 9 6 3 7
10 7 1 7 4 3 9 2 10 5
1 5 8 4 1 3 8 6 4 8
7 5 7 8 7 9 4 6 4 4
1 2 1 3 3 6 2 5 5 4
5 1 7 2 6 9 9 4 2 7
2 10 4 8 8 5 4 1 8 10
11 34 1
9 9 4 5 3 7 3 9 8 7
7 3 7 2 9 5 1 7 3 2
5 6 6 1 9 6 6 9 1 8
4 1 7 8 9 2 7 3 6 8
7 6 8 3 4 3 10 10 4 7
5 2 3 10 9 7 10 2 3 6
10 8 9 3 4 6 6 7 5 7
4 2 5 3 9 2 3 2 4 8
1 6 1 1 6 2 10 1 9 6
8 4 9 6 1 3 6 3 5 2
11 36 1
8 4 10 2 9 2 6 10 5 10
6 1 7 6 9 4 9 1 2 7
3 9 8 7 6 5 5 8 9 10
3 2 1 2 5 3 7 4 6 10
9 1 4 7 4 10 9 4 2 5
7 5 4 8 4 6 2 8 8 5
10 7 2 2 2 3 10 1 8 6
2 8 7 2 6 4 10 7 8 9
7 8 9 5 5 8 4 10 1 7
4 9 4 6 8 3 9 1 6 2
11 38 1
10 4 5 8 4 7 2 1 4 5
4 7 7 6 3 5 9 1 7 3
4 10 9 2 2 4 9 10 4 7
7 6 1 10 8 2 7 8 1 3
5 4 5 4 4 8 6 1 9 8
2 2 3 4 3 3 8 5 3 7
10 1 10 10 8 8 8 10 4 6
6 10 5 10 5 2 7 1 1 5
7 6 1 6 10 10 3 2 1 8
6 1 9 2 1 6 5 2 10 7
11 12 1
5 4 3 3 8 3 4 6 9 5
5 6 9 3 5 8 5 8 3 1
2 10 5 10 2 5 10 5 2 5
1 5 1 4 6 1 9 10 1 3
8 8 2 5 3 2 10 8 5 7
8 6 7 7 7 5 6 5 10 8
10 8 7 3 1 9 6 2 6 1
1 6 9 3 10 5 7 8 5 9
8 7 8 10 6 9 2 10 9 10
5 7 4 9 1 1 8 1 4 1
11 14 1
8 3 9 8 2 8 9 8 10 5
7 5 1 6 8 8 6 7 1 8
2 5 5 6 9 9 10 5 7 8
4 10 10 2 6 6 1 4 3 8
6 4 1 6 7 3 7 3 9 2
1 3 4 1 9 9 8 10 2 6
8 1 7 4 5 1 1 4 8 10
10 4 4 8 10 8 4 10 8 4
6 4 9 10 4 2 10 1 7 4
4 7 3 5 2 8 1 8 8 6
11 17 0
1 1 1 1 1 1 1 1 1 1
1 1 1 1 1 1 1 1 1 1
1 1 1 1 1 1 1 1 1 1
1 1 1 1 1 1 1 1 1 1
1 1 1 1 1 1 1 1 1 1
1 1 1 1 1 1 1 1 1 1
1 1 1 1 1 1 1 1 1 1
1 1 1 1 1 1 1 1 1 1
1 1 1 1 1 1 1 1 1 1
1 1 1 1 1 1 1 1 1 1
11 18 1
7 5 2 9 8 3 10 10 6 6
2 8 4 1 4 1 4 9 5 6
2 10 4 8 3 2 6 3 2 6
6 10 9 3 6 1 4 10 5 8
6 2 7 9 9 9 8 3 5 6
2 10 1 2 3 10 2 4 2 6
10 2 10 2 1 3 6 5 8 4
5 7 1 5 9 3 5 8 9 7
5 3 8 1 7 3 4 4 3 2
4 6 2 10 5 8 5 2 6 1
11 19 1
5 9 1 5 3 5 4 4 1 10
4 3 6 6 4 10 2 7 5 2
9 7 1 5 7 10 8 9 4 9
3 6 4 10 9 7 7 5 6 3
7 6 9 7 3 9 7 4 7 4
2 2 7 1 1 2 8 2 8 1
7 3 8 6 7 5 1 4 9 8
4 1 7 9 10 1 7 8 8 6
5 4 2 4 6 5 9 2 9 5
10 3 8 8 3 2 9 3 7 6
11 20 1
2 1 5 7 7 2 3 10 8 7
3 3 2 10 6 6 3 6 8 2
9 1 3 10 1 9 2 6 9 5
10 2 6 9 3 2 3 5 10 2
8 6 4 8 5 8 8 4 2 3
9 1 8 10 9 9 1 9 6 4
1 6 2 9 7 8 8 4 6 3
8 6 5 2 3 2 3 9 8 4
1 8 4 3 1 10 4 10 6 10
5 4 10 1 10 5 3 10 9 4
11 21 1
5 5 2 6 4 4 8 6 7 10
10 3 6 8 8 10 8 10 2 2
9 5 9 9 6 4 7 3 8 3
5 6 9 9 5 1 8 3 10 8
2 3 1 8 5 1 1 6 8 7
5 7 1 7 10 10 7 3 9 10
2 6 7 3 1 5 8 2 10 2
2 8 3 9 6 2 5 8 4 6
4 4 3 10 1 2 8 4 4 6
1 5 10 7 3 10 9 4 7 6
11 22 0
1 1 1 1 1 1 1 1 1 1
1 1 1 1 1 1 1 1 1 1
1 1 1 1 1 1 1 1 1 1
1 1 1 1 1 1 1 1 1 1
1 1 1 1 1 1 1 1 1 1
1 1 1 1 1 1 1 1 1 1
1 1 1 1 1 1 1 1 1 1
1 1 1 1 1 1 1 1 1 1
1 1 1 1 1 1 1 1 1 1
1 1 1 1 1 1 1 1 1 1
11 23 1
3 4 8 10 7 5 6 8 8 3
3 9 4 5 1 7 9 10 4 9
4 3 3 2 3 8 4 6 6 8
2 7 5 4 10 7 2 7 6 1
10 4 3 6 4 7 7 9 10 5
8 1 4 4 4 8 5 5 1 7
4 5 1 10 5 3 9 2 4 10
8 10 10 2 5 6 4 9 5 1
3 2 2 2 2 9 10 1 1 8
1 2 2 1 10 3 4 7 5 6
11 24 1
4 4 6 4 2 5 7 9 10 1
10 4 8 1 10 3 8 5 2 8
10 5 4 8 7 1 2 5 9 7
9 7 6 1 8 6 6 2 2 6
9 2 5 4 6 7 7 7 4 7
1 7 2 5 9 7 1 7 9 8
2 1 8 1 2 2 8 8 9 10
1 1 4 10 8 10 6 6 7 8
5 1 3 6 10 9 6 3 7 5
9 8 1 7 8 5 2 6 9 2
11 25 1
9 2 6 1 7 5 7 9 4 2
1 6 6 6 7 10 3 5 5 1
1 1 7 3 7 3 7 2 10 2
7 3 3 4 8 8 9 5 8 1
10 8 3 4 2 1 9 2 9 2
5 5 3 5 2 3 6 5 3 2
6 10 7 5 2 9 2 7 1 7
5 5 6 3 4 5 2 8 5 4
2 8 6 7 4 3 6 7 4 9
6 4 8 6 4 2 8 3 5 5
11 27 1
10 6 10 9 3 5 1 2 1 4
8 6 6 10 2 8 2 3 2 8
8 9 6 8 10 3 7 4 1 4
8 1 4 2 8 4 7 7 1 7
3 2 4 2 8 7 3 7 6 4
6 7 10 7 6 7 7 3 9 7
1 6 3 2 7 6 9 7 5 10
8 9 7 4 8 5 7 9 5 4
3 2 5 8 1 8 6 8 4 10
5 4 6 9 6 4 7 9 2 3
11 31 0
1 1 1 1 1 1 1 1 1 1
1 1 1 1 1 1 1 1 1 1
1 1 1 1 1 1 1 1 1 1
1 1 1 1 1 1 1 1 1 1
1 1 1 1 1 1 1 1 1 1
1 1 1 1 1 1 1 1 1 1
1 1 1 1 1 1 1 1 1 1
1 1 1 1 1 1 1 1 1 1
1 1 1 1 1 1 1 1 1 1
1 1 1 1 1 1 1 1 1 1
11 32 1
8 8 8 3 4 9 4 7 10 4
4 4 2 7 5 1 5 2 7 10
10 5 3 5 7 9 8 8 9 1
3 9 9 4 7 2 9 1 10 1
10 3 10 5 1 6 4 7 5 10
8 6 8 2 9 7 2 6 1 7
1 10 6 3 1 1 8 6 4 8
5 7 3 6 4 5 6 3 3 7
4 4 7 1 3 7 8 4 4 6
9 2 6 4 2 5 5 10 7 6
12 15 0
1 1 1 1 1 1 1 1 1 1
1 1 1 1 1 1 1 1 1 1
1 1 1 1 1 1 1 1 1 1
1 1 1 1 1 1 1 1 1 1
1 1 1 1 1 1 1 1 1 1
1 1 1 1 1 1 1 1 1 1
1 1 1 1 1 1 1 1 1 1
1 1 1 1 1 1 1 1 1 1
1 1 1 1 1 1 1 1 1 1
1 1 1 1 1 1 1 1 1 1
12 16 1
7 10 7 3 1 9 10 6 1 4
5 5 4 1 5 3 4 4 10 8
8 1 2 9 6 3 6 5 6 10
3 8 5 6 6 7 4 4 4 3
2 6 5 9 8 1 2 2 9 4
2 9 7 2 2 2 2 10 8 6
6 3 4 7 2 8 3 10 7 3
2 10 7 2 8 8 7 1 10 5
8 3 3 7 4 2 6 2 8 4
4 3 3 9 2 2 10 3 5 9
12 17 1
7 4 5 6 2 1 7 7 5 4
8 7 6 2 5 1 1 7 6 10
4 9 1 6 8 10 1 5 10 10
10 8 9 4 8 5 3 4 2 8
9 3 8 5 2 3 8 4 8 2
10 2 1 6 10 5 9 7 8 1
10 4 9 10 5 9 1 2 2 7
9 1 6 10 2 1 6 7 2 5
10 3 6 1 6 1 1 5 6 3
4 9 5 10 5 6 5 6 3 9
12 18 0
1 1 1 1 1 1 1 1 1 1
1 1 1 1 1 1 1 1 1 1
1 1 1 1 1 1 1 1 1 1
1 1 1 1 1 1 1 1 1 1
1 1 1 1 1 1 1 1 1 1
1 1 1 1 1 1 1 1 1 1
1 1 1 1 1 1 1 1 1 1
1 1 1 1 1 1 1 1 1 1
1 1 1 1 1 1 1 1 1 1
1 1 1 1 1 1 1 1 1 1
12 19 1
3 8 6 6 4 10 7 4 5 6
3 3 1 2 4 8 5 4 9 5
3 10 5 2 9 9 4 1 3 7
9 10 4 1 9 10 8 6 7 1
8 6 10 3 3 2 8 10 9 7
10 9 1 1 3 5 3 3 5 1
3 10 5 7 1 2 8 8 1 10
8 9 5 9 8 8 6 2 3 7
5 9 3 10 2 2 6 6 3 8
10 3 3 9 3 8 1 8 6 2
12 21 0
1 1 1 1 1 1 1 1 1 1
1 1 1 1 1 1 1 1 1 1
1 1 1 1 1 1 1 1 1 1
1 1 1 1 1 1 1 1 1 1
1 1 1 1 1 1 1 1 1 1
1 1 1 1 1 1 1 1 1 1
1 1 1 1 1 1 1 1 1 1
1 1 1 1 1 1 1 1 1 1
1 1 1 1 1 1 1 1 1 1
1 1 1 1 1 1 1 1 1 1
12 22 1
10 9 2 4 3 3 5 1 5 5
9 8 6 4 3 4 3 1 6 7
9 10 6 7 2 6 2 6 5 2
5 8 2 4 3 5 6 6 9 9
7 2 9 6 7 3 8 8 7 9
7 2 9 5 2 8 1 9 1 5
8 5 3 8 1 6 1 9 8 2
10 3 10 9 1 5 9 1 4 2
2 7 10 10 7 1 10 3 4 4
7 5 2 8 1 1 7 4 4 7
12 24 0
1 1 1 1 1 1 1 1 1 1
1 1 1 1 1 1 1 1 1 1
1 1 1 1 1 1 1 1 1 1
1 1 1 1 1 1 1 1 1 1
1 1 1 1 1 1 1 1 1 1
1 1 1 1 1 1 1 1 1 1
1 1 1 1 1 1 1 1 1 1
1 1 1 1 1 1 1 1 1 1
1 1 1 1 1 1 1 1 1 1
1 1 1 1 1 1 1 1 1 1
12 26 1
1 9 2 4 7 7 7 6 3 4
7 10 7 10 8 6 9 6 8 5
1 9 5 3 5 7 2 9 10 9
7 3 6 1 4 6 8 7 3 2
2 9 7 1 9 8 9 1 3 9
8 8 10 1 8 2 5 6 6 2
7 9 7 7 2 6 1 4 3 5
8 7 8 4 7 5 4 2 1 10
8 9 3 6 1 8 3 10 3 8
10 2 8 5 7 9 1 7 1 9
12 29 0
1 1 1 1 1 1 1 1 1 1
1 1 1 1 1 1 1 1 1 1
1 1 1 1 1 1 1 1 1 1
1 1 1 1 1 1 1 1 1 1
1 1 1 1 1 1 1 1 1 1
1 1 1 1 1 1 1 1 1 1
1 1 1 1 1 1 1 1 1 1
1 1 1 1 1 1 1 1 1 1
1 1 1 1 1 1 1 1 1 1
1 1 1 1 1 1 1 1 1 1
12 30 1
10 2 4 8 4 6 2 5 9 7
4 6 2 9 8 8 4 9 4 5
5 5 6 4 6 1 5 4 6 3
1 2 7 3 6 8 7 2 10 4
4 9 5 1 7 6 10 3 6 2
5 6 2 6 10 2 4 4 8 4
4 7 3 5 9 3 8 2 9 5
7 1 8 3 9 7 2 5 4 1
4 6 8 4 1 6 2 9 8 9
3 3 1 2 2 6 2 1 4 5
12 31 1
1 1 2 3 3 8 8 7 3 10
9 9 3 2 3 2 10 7 2 6
3 3 5 9 2 2 10 4 5 1
6 8 6 3 9 4 4 7 5 1
5 10 4 10 7 8 1 1 6 1
9 1 5 10 4 2 4 4 6 6
1 8 9 4 10 7 9 4 2 3
9 10 3 8 9 7 3 1 3 2
3 1 8 4 5 5 3 8 7 2
8 8 4 9 10 1 8 9 1 7
12 32 0
1 1 1 1 1 1 1 1 1 1
1 1 1 1 1 1 1 1 1 1
1 1 1 1 1 1 1 1 1 1
1 1 1 1 1 1 1 1 1 1
1 1 1 1 1 1 1 1 1 1
1 1 1 1 1 1 1 1 1 1
1 1 1 1 1 1 1 1 1 1
1 1 1 1 1 1 1 1 1 1
1 1 1 1 1 1 1 1 1 1
1 1 1 1 1 1 1 1 1 1
12 35 1
8 8 2 7 9 8 4 2 8 6
1 1 8 6 1 3 8 9 5 5
4 6 7 1 5 2 5 3 2 3
1 7 5 7 10 8 10 4 2 9
5 9 7 3 7 3 5 10 7 8
1 1 1 8 4 8 3 10 1 7
6 1 10 10 1 4 8 9 4 7
8 8 6 1 9 2 7 9 10 7
10 6 1 8 3 8 1 10 9 5
9 10 2 7 2 9 1 1 6 5
12 36 1
3 9 6 6 2 7 9 10 1 8
10 6 4 3 4 4 6 5 5 5
2 9 8 4 10 3 9 3 4 4
4 7 10 9 4 6 10 7 5 1
9 3 1 6 10 3 10 4 3 1
5 3 7 3 3 1 6 4 10 9
1 4 4 1 10 9 9 4 9 3
5 5 5 6 1 3 4 9 2 4
10 2 2 9 9 4 7 6 10 9
6 6 3 10 3 1 4 6 9 2
12 40 1
10 8 10 2 4 2 4 2 9 10
1 1 8 10 3 8 10 4 4 4
2 5 10 10 9 8 4 6 5 2
7 5 6 4 5 1 6 5 5 2
5 8 4 9 5 9 4 1 6 3
2 2 1 7 8 9 9 9 1 7
1 6 10 2 10 7 1 5 5 10
4 2 7 1 2 9 4 9 5 2
8 7 5 3 2 10 6 7 3 9
1 1 8 8 2 3 7 2 8 6
13 33 1
5 6 9 8 8 2 3 6 8 3
1 10 8 8 6 7 3 5 4 9
1 7 2 5 9 3 8 10 4 9
3 3 7 2 5 6 1 9 10 1
9 2 6 1 2 2 2 6 3 7
2 2 9 6 6 4 3 1 5 9
4 7 5 2 6 7 4 6 10 4
2 3 10 4 7 6 3 3 10 2
5 3 1 10 3 8 1 5 1 4
7 3 8 2 6 5 6 2 4 4
13 34 1
6 6 5 3 8 2 1 9 8 1
8 7 10 4 6 8 2 6 10 3
1 4 7 9 4 9 10 9 1 2
5 4 8 1 9 3 7 9 1 6
2 7 6 8 5 6 3 5 9 7
8 8 6 1 7 7 5 10 4 4
2 6 6 7 5 8 6 3 4 8
5 9 2 10 4 5 6 1 10 7
7 9 10 10 8 1 10 3 6 7
9 5 9 8 4 3 2 1 10 8
13 37 1
3 1 6 5 1 10 5 5 4 9
8 5 9 1 1 6 3 4 1 3
10 4 2 3 1 2 10 6 8 8
1 6 4 8 5 10 8 5 10 1
10 7 4 1 1 10 5 7 2 7
9 4 3 6 8 6 7 9 1 6
6 10 3 5 4 9 4 4 3 10
10 9 5 5 8 8 5 5 1 10
10 6 5 9 9 2 8 7 3 10
1 1 7 4 2 4 2 9 3 5
13 38 1
1 10 3 7 7 10 2 10 1 5
2 5 1 8 4 9 6 8 5 3
10 7 4 2 7 6 1 8 8 5
2 10 1 5 8 9 4 10 7 10
1 1 9 7 2 5 3 6 3 3
4 5 4 1 9 1 1 1 10 3
1 9 3 7 3 2 8 7 3 10
4 9 3 8 9 5 5 2 9 2
1 6 5 7 9 2 8 4 5 1
8 6 8 1 9 3 4 4 4 9
13 35 1
1 8 2 10 6 8 1 3 7 1
2 9 3 6 2 9 2 3 2 2
4 2 6 6 5 2 2 10 3 8
8 10 7 5 10 6 1 10 10 8
6 5 5 2 4 10 1 5 8 7
6 4 9 6 6 4 6 2 3 5
1 1 9 8 10 4 10 8 8 9
3 4 1 8 8 4 10 2 3 2
4 1 3 6 8 4 5 10 8 3
4 3 2 3 10 1 10 6 7 10
13 15 1
8 7 9 1 2 7 2 7 2 8
9 7 7 1 4 1 8 7 10 2
3 2 4 2 8 6 2 1 8 4
9 5 6 10 5 3 1 5 3 8
1 4 9 7 7 10 1 7 4 9
6 9 6 6 3 2 5 10 6 5
4 1 5 6 5 10 5 6 1 3
3 7 4 5 2 4 1 8 9 5
3 6 3 7 9 10 5 2 4 7
9 7 3 5 1 3 9 7 2 1
13 16 0
1 1 1 1 1 1 1 1 1 1
1 1 1 1 1 1 1 1 1 1
1 1 1 1 1 1 1 1 1 1
1 1 1 1 1 1 1 1 1 1
1 1 1 1 1 1 1 1 1 1
1 1 1 1 1 1 1 1 1 1
1 1 1 1 1 1 1 1 1 1
1 1 1 1 1 1 1 1 1 1
1 1 1 1 1 1 1 1 1 1
1 1 1 1 1 1 1 1 1 1
13 19 0
2 2 2 2 2 2 2 2 2 2
2 2 2 2 2 2 2 2 2 2
2 2 2 2 2 2 2 2 2 2
2 2 2 2 2 2 2 2 2 2
2 2 2 2 2 2 2 2 2 2
2 2 2 2 2 2 2 2 2 2
2 2 2 2 2 2 2 2 2 2
2 2 2 2 2 2 2 2 2 2
2 2 2 2 2 2 2 2 2 2
2 2 2 2 2 2 2 2 2 2
13 20 1
9 9 6 1 9 10 3 8 6 3
2 2 7 8 1 3 3 8 5 1
5 1 3 8 1 6 7 5 2 6
4 2 3 6 5 3 4 6 7 8
6 10 6 10 4 1 2 5 8 9
5 3 2 7 6 10 10 4 8 3
4 8 4 7 2 7 1 1 6 2
1 4 5 8 7 9 2 7 3 8
6 3 9 6 6 2 1 3 7 3
9 1 8 4 7 6 1 4 1 2
13 26 0
2 2 2 2 2 2 2 2 2 2
2 2 2 2 2 2 2 2 2 2
2 2 2 2 2 2 2 2 2 2
2 2 2 2 2 2 2 2 2 2
2 2 2 2 2 2 2 2 2 2
2 2 2 2 2 2 2 2 2 2
2 2 2 2 2 2 2 2 2 2
2 2 2 2 2 2 2 2 2 2
2 2 2 2 2 2 2 2 2 2
2 2 2 2 2 2 2 2 2 2
13 27 1
3 10 4 8 8 2 7 1 7 7
10 9 3 7 3 10 7 1 9 7
1 3 3 10 2 10 9 1 2 5
7 8 7 5 1 8 10 9 2 2
5 7 7 6 2 8 1 10 10 9
7 9 10 8 6 4 1 10 5 6
5 9 2 3 1 2 2 7 5 10
1 8 9 7 10 7 9 1 7 4
8 8 4 6 6 1 8 10 1 2
5 6 1 4 10 2 10 6 5 6
13 30 0
1 1 1 1 1 1 1 1 1 1
1 1 1 1 1 1 1 1 1 1
1 1 1 1 1 1 1 1 1 1
1 1 1 1 1 1 1 1 1 1
1 1 1 1 1 1 1 1 1 1
1 1 1 1 1 1 1 1 1 1
1 1 1 1 1 1 1 1 1 1
1 1 1 1 1 1 1 1 1 1
1 1 1 1 1 1 1 1 1 1
1 1 1 1 1 1 1 1 1 1
13 32 0
2 2 2 2 2 2 2 2 2 2
2 2 2 2 2 2 2 2 2 2
2 2 2 2 2 2 2 2 2 2
2 2 2 2 2 2 2 2 2 2
2 2 2 2 2 2 2 2 2 2
2 2 2 2 2 2 2 2 2 2
2 2 2 2 2 2 2 2 2 2
2 2 2 2 2 2 2 2 2 2
2 2 2 2 2 2 2 2 2 2
2 2 2 2 2 2 2 2 2 2
14 34 0
1 1 1 1 1 1 1 1 1 1
1 1 1 1 1 1 1 1 1 1
1 1 1 1 1 1 1 1 1 1
1 1 1 1 1 1 1 1 1 1
1 1 1 1 1 1 1 1 1 1
1 1 1 1 1 1 1 1 1 1
1 1 1 1 1 1 1 1 1 1
1 1 1 1 1 1 1 1 1 1
1 1 1 1 1 1 1 1 1 1
1 1 1 1 1 1 1 1 1 1
14 35 1
4 9 6 8 7 9 5 6 8 6
5 8 2 3 5 2 4 1 3 3
3 7 6 2 10 2 3 9 1 7
5 10 4 6 6 8 3 5 5 9
4 2 10 1 4 5 7 5 6 6
2 6 3 10 5 8 9 5 10 1
8 5 5 9 5 5 2 3 8 1
3 5 10 3 4 10 3 7 7 2
10 9 5 9 2 9 8 9 9 10
4 3 2 7 2 3 4 5 8 7
14 36 1
5 2 7 5 8 5 3 5 5 4
1 6 5 2 3 4 8 5 5 5
4 1 1 2 10 4 1 7 6 2
8 9 4 4 8 5 1 6 1 8
8 6 6 9 8 4 3 3 3 7
1 7 4 9 2 5 8 7 5 3
8 10 4 10 7 10 10 6 2 7
3 2 9 1 6 4 5 7 7 1
2 1 2 9 2 5 10 3 5 1
8 1 3 9 9 1 4 7 4 8
14 39 1
8 5 10 3 10 8 2 6 1 6
3 6 7 3 3 1 9 9 6 10
8 7 5 3 8 2 5 3 7 6
7 3 3 9 5 10 1 9 2 8
5 8 2 3 4 4 10 10 7 10
1 3 7 1 6 2 3 1 4 2
1 3 5 3 9 1 6 8 7 7
8 8 8 4 3 9 1 4 7 9
2 10 4 8 4 4 10 2 10 10
7 9 4 7 10 4 2 4 7 9
14 40 1
6 6 2 9 7 1 2 6 5 10
5 3 8 6 7 8 1 3 6 9
3 6 9 9 2 7 9 6 9 7
6 9 4 2 9 9 2 6 10 7
1 1 8 6 9 7 4 7 2 9
10 10 7 10 1 2 10 9 8 4
2 10 10 6 5 5 4 3 7 2
10 5 4 5 8 4 4 6 4 2
1 5 3 3 5 10 6 9 3 8
9 6 6 7 2 2 7 7 3 1
14 17 1
7 7 5 3 5 4 9 6 1 1
7 10 7 7 6 5 8 10 7 1
9 8 3 9 9 10 4 2 9 8
7 8 1 10 3 4 10 5 6 9
10 5 10 2 9 3 3 1 8 7
9 4 2 1 4 1 5 1 2 4
2 9 2 7 3 6 6 3 7 3
2 10 8 4 7 6 1 5 2 8
4 2 1 9 1 5 6 4 6 8
5 3 5 9 8 10 3 3 7 7
14 18 0
1 1 1 1 1 1 1 1 1 1
1 1 1 1 1 1 1 1 1 1
1 1 1 1 1 1 1 1 1 1
1 1 1 1 1 1 1 1 1 1
1 1 1 1 1 1 1 1 1 1
1 1 1 1 1 1 1 1 1 1
1 1 1 1 1 1 1 1 1 1
1 1 1 1 1 1 1 1 1 1
1 1 1 1 1 1 1 1 1 1
1 1 1 1 1 1 1 1 1 1
14 19 0
1 1 1 1 1 1 1 1 1 1
1 1 1 1 1 1 1 1 1 1
1 1 1 1 1 1 1 1 1 1
1 1 1 1 1 1 1 1 1 1
1 1 1 1 1 1 1 1 1 1
1 1 1 1 1 1 1 1 1 1
1 1 1 1 1 1 1 1 1 1
1 1 1 1 1 1 1 1 1 1
1 1 1 1 1 1 1 1 1 1
1 1 1 1 1 1 1 1 1 1
14 20 1
7 6 2 8 1 7 9 9 7 1
9 10 9 8 5 10 3 8 2 4
10 3 1 3 4 3 10 2 9 3
7 10 4 1 2 4 2 4 1 5
3 2 7 1 3 8 2 6 9 2
10 5 10 4 6 2 4 2 3 10
4 3 2 9 2 5 4 9 3 7
10 8 4 4 3 8 4 9 10 7
5 10 8 2 1 8 8 10 3 3
5 2 4 2 6 2 8 7 5 2
14 22 1
4 4 7 1 5 9 8 10 1 9
2 8 1 1 7 8 4 4 1 4
10 7 2 7 10 4 5 3 6 9
3 1 6 5 4 5 10 9 6 8
7 8 1 7 2 3 5 6 3 2
8 8 7 10 6 3 7 2 7 3
8 7 5 10 5 5 2 10 3 7
1 3 5 3 10 8 7 9 8 4
1 5 6 8 4 1 7 10 5 3
9 5 5 9 5 4 7 2 5 3
14 23 1
6 7 5 5 6 8 10 9 4 3
4 3 6 10 3 4 5 8 7 1
3 7 3 5 7 7 3 7 6 6
3 10 8 1 1 5 10 10 4 8
3 1 2 2 5 9 10 9 10 1
2 5 6 4 2 5 5 4 4 4
9 10 6 1 7 5 9 10 4 7
6 9 7 7 1 2 3 1 1 5
4 8 5 2 9 6 1 8 1 10
3 6 5 3 4 6 6 2 2 3
14 26 1
9 6 5 10 10 2 1 6 5 8
9 9 5 5 5 10 9 6 2 4
1 5 2 2 9 7 6 9 1 1
4 7 7 3 7 6 9 1 3 2
10 9 8 5 9 3 1 3 7 2
3 10 8 2 9 8 3 4 7 7
7 5 7 10 5 3 3 8 4 6
6 8 1 6 10 6 8 7 3 7
9 7 1 5 7 8 1 4 4 6
6 1 10 3 10 7 6 9 9 2
14 27 1
9 1 4 7 9 2 2 8 6 10
3 10 4 5 6 5 7 9 9 2
3 10 5 3 8 1 5 1 3 7
1 6 7 10 4 1 4 4 7 10
10 9 6 7 2 1 7 7 6 3
5 7 8 3 7 7 7 2 8 10
1 5 3 7 10 10 3 1 10 8
6 6 5 6 5 5 4 4 8 8
4 4 5 3 4 10 6 8 6 4
6 8 3 3 4 2 2 6 10 9
14 29 1
1 9 2 4 10 10 9 6 2 7
9 1 3 9 8 7 10 2 7 10
4 9 5 5 6 5 2 2 2 10
3 9 3 10 6 3 1 6 7 3
6 8 3 9 2 1 7 7 5 1
6 2 8 7 10 7 9 10 6 10
10 9 1 2 9 3 3 7 5 8
8 10 6 10 2 9 3 7 5 4
8 9 5 4 5 2 4 7 10 2
3 7 5 8 4 3 5 2 5 10
14 30 1
9 9 9 6 2 5 5 1 3 4
7 8 7 4 1 1 2 1 2 3
9 10 6 4 2 5 5 2 3 7
6 5 6 5 4 8 2 3 8 10
10 9 9 5 10 8 8 4 9 3
3 3 1 9 10 8 6 10 7 9
5 9 6 2 5 4 9 1 10 2
1 8 10 7 1 8 10 5 1 9
6 9 4 3 4 6 3 3 7 3
10 5 2 7 3 8 4 10 7 3
14 32 0
2 2 2 2 2 2 2 2 2 2
2 2 2 2 2 2 2 2 2 2
2 2 2 2 2 2 2 2 2 2
2 2 2 2 2 2 2 2 2 2
2 2 2 2 2 2 2 2 2 2
2 2 2 2 2 2 2 2 2 2
2 2 2 2 2 2 2 2 2 2
2 2 2 2 2 2 2 2 2 2
2 2 2 2 2 2 2 2 2 2
2 2 2 2 2 2 2 2 2 2
15 37 1
7 3 5 2 4 4 7 3 10 10
9 9 5 5 7 3 7 9 10 7
4 1 5 9 9 5 7 6 9 5
7 1 6 4 4 6 6 1 6 8
3 5 1 8 4 2 3 9 4 8
4 7 2 5 4 4 6 8 8 3
10 3 7 7 1 10 1 4 7 8
10 6 3 3 6 8 6 2 10 1
6 4 9 9 6 1 2 2 1 6
6 8 6 5 3 6 9 8 8 3
15 38 1
2 6 3 3 1 4 9 8 9 9
2 9 7 5 4 8 10 7 3 9
6 10 2 1 5 4 5 6 9 10
10 9 2 3 4 4 9 1 3 3
5 10 3 5 9 7 5 7 2 7
4 4 10 5 10 1 9 5 3 1
6 7 2 7 6 10 4 8 9 6
2 6 10 8 9 9 7 5 4 9
6 8 6 2 9 10 5 3 2 10
3 4 2 7 10 1 5 5 3 6
15 39 0
1 1 1 1 1 1 1 1 1 1
1 1 1 1 1 1 1 1 1 1
1 1 1 1 1 1 1 1 1 1
1 1 1 1 1 1 1 1 1 1
1 1 1 1 1 1 1 1 1 1
1 1 1 1 1 1 1 1 1 1
1 1 1 1 1 1 1 1 1 1
1 1 1 1 1 1 1 1 1 1
1 1 1 1 1 1 1 1 1 1
1 1 1 1 1 1 1 1 1 1
15 18 0
2 2 2 2 2 2 2 2 2 2
2 2 2 2 2 2 2 2 2 2
2 2 2 2 2 2 2 2 2 2
2 2 2 2 2 2 2 2 2 2
2 2 2 2 2 2 2 2 2 2
2 2 2 2 2 2 2 2 2 2
2 2 2 2 2 2 2 2 2 2
2 2 2 2 2 2 2 2 2 2
2 2 2 2 2 2 2 2 2 2
2 2 2 2 2 2 2 2 2 2
15 19 1
2 1 7 1 6 3 2 1 3 3
2 4 3 5 5 10 9 1 3 2
1 5 2 8 10 6 1 10 5 6
4 2 3 2 7 9 6 7 3 5
5 2 8 5 5 4 2 1 10 8
7 10 9 6 8 7 5 6 3 2
8 2 2 9 9 7 4 10 8 10
10 9 5 9 2 7 6 1 1 8
9 8 9 2 2 8 6 5 8 2
5 10 8 8 8 9 4 5 7 5
15 22 1
10 5 9 6 10 2 3 10 8 3
4 7 3 7 8 6 9 5 3 7
4 7 9 6 4 7 3 10 5 1
4 4 6 6 7 3 9 4 7 1
1 4 7 3 10 10 3 7 6 2
8 6 10 10 4 8 3 6 7 5
8 1 7 7 5 4 6 5 8 5
7 4 1 10 2 8 4 2 10 1
10 9 7 8 6 8 4 10 1 6
4 2 3 5 10 8 4 10 10 9
15 23 1
2 10 2 8 9 6 8 4 10 5
10 10 9 1 7 3 7 5 7 8
6 3 8 6 7 1 6 9 1 4
5 5 4 5 8 1 1 10 2 10
7 9 4 7 3 6 1 7 3 9
2 8 5 3 6 7 10 8 3 3
8 3 1 5 6 1 8 7 2 7
8 6 10 6 10 9 5 9 6 4
2 9 1 7 8 7 5 7 9 7
10 1 3 10 10 5 3 1 5 5
15 24 0
2 2 2 2 2 2 2 2 2 2
2 2 2 2 2 2 2 2 2 2
2 2 2 2 2 2 2 2 2 2
2 2 2 2 2 2 2 2 2 2
2 2 2 2 2 2 2 2 2 2
2 2 2 2 2 2 2 2 2 2
2 2 2 2 2 2 2 2 2 2
2 2 2 2 2 2 2 2 2 2
2 2 2 2 2 2 2 2 2 2
2 2 2 2 2 2 2 2 2 2
15 40 1
3 3 8 4 4 6 6 10 7 5
2 5 3 10 7 6 8 7 7 9
10 7 5 2 4 8 7 6 7 5
3 2 4 5 6 5 5 8 4 4
2 7 3 6 1 10 4 2 9 10
10 1 8 2 8 7 4 7 10 3
8 7 7 3 8 4 1 9 1 6
1 6 6 5 6 3 4 10 8 1
7 6 7 4 10 7 9 9 4 3
7 3 5 5 3 3 1 7 8 1
15 27 1
10 6 4 3 3 7 9 4 1 2
5 7 10 9 2 4 9 9 1 9
5 4 10 6 10 3 6 3 1 3
10 8 8 4 4 2 2 4 1 8
1 7 9 8 7 2 10 7 10 7
3 1 8 4 8 8 6 5 5 9
1 1 4 1 2 2 7 9 4 1
6 3 10 5 2 5 9 9 2 5
7 1 1 3 8 8 6 5 2 2
1 8 1 4 2 3 9 10 7 8
16 39 1
3 1 4 8 3 7 4 7 2 10
2 2 6 2 4 3 1 2 7 10
4 5 9 8 9 7 1 7 8 3
6 2 7 9 8 10 1 3 2 8
3 7 3 2 1 4 3 6 3 4
2 5 9 8 10 9 5 4 9 3
3 1 6 2 7 7 9 5 8 6
9 9 10 9 9 2 9 4 1 6
6 5 1 8 6 5 3 9 5 6
6 6 7 7 5 6 5 9 5 9
16 33 1
5 3 2 5 6 9 8 4 8 6
1 6 4 9 8 2 6 7 10 1
10 1 2 4 2 8 1 2 9 2
5 2 6 5 6 8 7 3 8 5
10 9 10 6 2 3 3 9 10 8
7 5 10 2 9 1 5 4 5 9
10 3 7 2 8 9 4 10 10 9
10 9 6 1 10 7 6 9 2 10
5 7 7 5 5 4 4 1 10 1
5 8 6 8 5 2 10 5 1 8
16 17 1
3 3 3 2 7 3 7 8 3 1
4 5 3 4 10 1 9 1 3 1
2 7 3 1 8 2 5 2 7 5
10 7 7 1 8 1 7 7 4 3
8 4 4 1 4 6 8 6 5 10
2 10 6 6 4 9 10 4 2 7
3 7 10 1 9 7 8 7 2 9
3 8 3 7 10 6 3 6 1 9
5 8 2 10 1 10 8 5 9 8
4 2 7 10 8 6 7 4 5 7
16 22 0
1 1 1 1 1 1 1 1 1 1
1 1 1 1 1 1 1 1 1 1
1 1 1 1 1 1 1 1 1 1
1 1 1 1 1 1 1 1 1 1
1 1 1 1 1 1 1 1 1 1
1 1 1 1 1 1 1 1 1 1
1 1 1 1 1 1 1 1 1 1
1 1 1 1 1 1 1 1 1 1
1 1 1 1 1 1 1 1 1 1
1 1 1 1 1 1 1 1 1 1
16 24 1
9 7 6 6 5 10 7 2 9 5
6 2 9 6 1 5 2 3 5 4
9 3 5 10 3 6 3 3 1 8
2 10 2 7 10 1 1 1 2 5
9 5 6 9 5 3 1 1 2 8
3 6 7 9 8 8 6 2 9 1
5 6 9 8 5 1 3 1 5 6
7 5 10 1 9 2 9 2 7 6
6 9 1 2 10 10 3 6 2 7
9 1 7 6 10 10 9 9 1 8
16 26 1
7 7 7 7 10 5 6 2 10 5
5 5 1 6 4 6 10 2 3 8
9 3 4 1 8 3 4 5 4 4
9 4 3 9 1 8 6 10 5 8
4 9 2 9 5 4 9 7 2 5
7 10 7 8 4 9 4 3 9 10
4 3 6 4 2 10 3 8 5 5
8 5 3 8 3 6 10 2 6 3
6 3 10 2 4 3 6 5 5 1
9 6 5 1 7 2 4 2 2 2
16 28 1
4 9 9 1 3 4 5 7 1 6
5 9 1 7 9 9 6 1 2 3
1 5 7 10 4 5 6 10 3 9
10 10 1 7 9 7 1 3 6 8
6 5 1 4 6 6 8 5 5 8
10 4 7 5 7 9 3 3 8 9
4 1 6 9 1 8 4 3 2 1
10 9 2 6 9 7 6 10 5 10
4 10 3 7 3 9 6 7 2 6
3 7 8 3 1 3 3 8 7 2
16 29 0
1 1 1 1 1 1 1 1 1 1
1 1 1 1 1 1 1 1 1 1
1 1 1 1 1 1 1 1 1 1
1 1 1 1 1 1 1 1 1 1
1 1 1 1 1 1 1 1 1 1
1 1 1 1 1 1 1 1 1 1
1 1 1 1 1 1 1 1 1 1
1 1 1 1 1 1 1 1 1 1
1 1 1 1 1 1 1 1 1 1
1 1 1 1 1 1 1 1 1 1
16 30 1
8 10 2 8 1 7 7 7 1 8
5 5 10 6 9 1 6 3 6 6
5 10 6 5 8 2 2 10 10 5
8 3 9 9 2 6 7 10 5 1
5 3 6 3 1 1 6 6 4 2
10 1 10 1 10 8 2 5 4 5
10 8 5 9 7 3 10 5 2 6
5 8 1 8 9 2 8 8 9 6
8 6 10 4 7 1 1 8 6 8
6 7 7 5 3 5 8 1 2 9
16 31 1
5 7 3 4 2 6 4 5 3 9
8 5 8 2 10 7 3 10 5 3
10 4 5 1 1 9 2 4 6 3
10 6 6 9 6 4 8 9 8 4
7 4 9 2 6 4 7 6 4 5
8 1 8 10 5 10 5 6 9 7
4 5 6 8 6 6 6 6 8 1
7 2 10 4 4 4 9 2 1 7
9 3 6 2 1 4 9 8 1 8
9 3 5 4 7 10 2 5 8 5
16 32 1
2 4 1 1 9 2 8 9 3 7
10 3 1 10 10 5 3 2 2 6
8 1 5 1 2 4 5 3 2 8
5 5 6 2 4 8 10 3 8 10
7 6 7 4 2 9 10 8 8 4
5 5 5 7 1 4 10 6 6 6
1 3 9 10 7 1 5 3 3 7
1 10 7 7 1 6 9 9 3 4
3 1 2 6 2 6 1 1 5 6
1 10 1 8 7 7 1 7 10 8
17 19 0
2 2 2 2 2 2 2 2 2 2
2 2 2 2 2 2 2 2 2 2
2 2 2 2 2 2 2 2 2 2
2 2 2 2 2 2 2 2 2 2
2 2 2 2 2 2 2 2 2 2
2 2 2 2 2 2 2 2 2 2
2 2 2 2 2 2 2 2 2 2
2 2 2 2 2 2 2 2 2 2
2 2 2 2 2 2 2 2 2 2
2 2 2 2 2 2 2 2 2 2
17 21 0
1 1 1 1 1 1 1 1 1 1
1 1 1 1 1 1 1 1 1 1
1 1 1 1 1 1 1 1 1 1
1 1 1 1 1 1 1 1 1 1
1 1 1 1 1 1 1 1 1 1
1 1 1 1 1 1 1 1 1 1
1 1 1 1 1 1 1 1 1 1
1 1 1 1 1 1 1 1 1 1
1 1 1 1 1 1 1 1 1 1
1 1 1 1 1 1 1 1 1 1
17 22 0
1 1 1 1 1 1 1 1 1 1
1 1 1 1 1 1 1 1 1 1
1 1 1 1 1 1 1 1 1 1
1 1 1 1 1 1 1 1 1 1
1 1 1 1 1 1 1 1 1 1
1 1 1 1 1 1 1 1 1 1
1 1 1 1 1 1 1 1 1 1
1 1 1 1 1 1 1 1 1 1
1 1 1 1 1 1 1 1 1 1
1 1 1 1 1 1 1 1 1 1
17 25 0
1 1 1 1 1 1 1 1 1 1
1 1 1 1 1 1 1 1 1 1
1 1 1 1 1 1 1 1 1 1
1 1 1 1 1 1 1 1 1 1
1 1 1 1 1 1 1 1 1 1
1 1 1 1 1 1 1 1 1 1
1 1 1 1 1 1 1 1 1 1
1 1 1 1 1 1 1 1 1 1
1 1 1 1 1 1 1 1 1 1
1 1 1 1 1 1 1 1 1 1
17 26 1
1 6 8 10 3 9 7 5 5 4
4 8 10 3 1 8 10 3 10 8
7 3 9 2 10 8 3 2 10 2
8 2 8 10 7 8 4 4 6 8
4 3 8 1 6 4 3 4 1 1
10 1 8 2 10 10 6 1 5 1
1 2 2 6 7 3 4 9 4 1
5 6 5 1 7 7 10 8 4 3
7 3 7 1 1 8 4 3 5 8
4 6 10 1 7 3 9 8 6 5
17 27 0
1 1 1 1 1 1 1 1 1 1
1 1 1 1 1 1 1 1 1 1
1 1 1 1 1 1 1 1 1 1
1 1 1 1 1 1 1 1 1 1
1 1 1 1 1 1 1 1 1 1
1 1 1 1 1 1 1 1 1 1
1 1 1 1 1 1 1 1 1 1
1 1 1 1 1 1 1 1 1 1
1 1 1 1 1 1 1 1 1 1
1 1 1 1 1 1 1 1 1 1
17 28 0
1 1 1 1 1 1 1 1 1 1
1 1 1 1 1 1 1 1 1 1
1 1 1 1 1 1 1 1 1 1
1 1 1 1 1 1 1 1 1 1
1 1 1 1 1 1 1 1 1 1
1 1 1 1 1 1 1 1 1 1
1 1 1 1 1 1 1 1 1 1
1 1 1 1 1 1 1 1 1 1
1 1 1 1 1 1 1 1 1 1
1 1 1 1 1 1 1 1 1 1
17 29 0
2 2 2 2 2 2 2 2 2 2
2 2 2 2 2 2 2 2 2 2
2 2 2 2 2 2 2 2 2 2
2 2 2 2 2 2 2 2 2 2
2 2 2 2 2 2 2 2 2 2
2 2 2 2 2 2 2 2 2 2
2 2 2 2 2 2 2 2 2 2
2 2 2 2 2 2 2 2 2 2
2 2 2 2 2 2 2 2 2 2
2 2 2 2 2 2 2 2 2 2
17 30 0
1 1 1 1 1 1 1 1 1 1
1 1 1 1 1 1 1 1 1 1
1 1 1 1 1 1 1 1 1 1
1 1 1 1 1 1 1 1 1 1
1 1 1 1 1 1 1 1 1 1
1 1 1 1 1 1 1 1 1 1
1 1 1 1 1 1 1 1 1 1
1 1 1 1 1 1 1 1 1 1
1 1 1 1 1 1 1 1 1 1
1 1 1 1 1 1 1 1 1 1
17 33 0
1 1 1 1 1 1 1 1 1 1
1 1 1 1 1 1 1 1 1 1
1 1 1 1 1 1 1 1 1 1
1 1 1 1 1 1 1 1 1 1
1 1 1 1 1 1 1 1 1 1
1 1 1 1 1 1 1 1 1 1
1 1 1 1 1 1 1 1 1 1
1 1 1 1 1 1 1 1 1 1
1 1 1 1 1 1 1 1 1 1
1 1 1 1 1 1 1 1 1 1
17 36 1
5 1 6 3 6 5 1 8 4 10
3 5 7 4 3 4 9 9 8 5
7 10 10 5 2 8 6 4 9 7
6 7 7 4 7 8 9 10 5 1
5 9 4 4 4 1 9 7 5 9
3 5 3 9 8 5 5 4 5 3
6 2 5 8 7 1 10 10 5 10
10 8 4 8 1 8 6 9 6 4
9 5 3 8 5 7 4 3 9 4
2 5 8 4 1 8 1 2 4 10
17 37 1
2 3 5 3 10 2 3 6 4 9
9 3 5 9 6 4 4 4 1 7
5 10 10 5 8 1 4 8 9 5
5 8 4 4 4 4 6 1 8 10
6 2 1 2 3 1 8 9 6 8
9 3 8 9 2 3 4 10 5 2
7 2 1 2 4 7 7 8 7 6
6 1 8 9 10 5 3 5 9 9
5 8 10 6 2 4 3 6 6 6
3 9 6 5 2 4 2 9 9 1
17 38 1
2 7 6 9 1 10 5 9 10 6
10 4 2 7 10 4 3 5 8 1
4 4 9 4 10 10 9 10 4 3
8 7 5 8 10 4 6 10 1 4
9 8 3 5 8 7 10 1 5 10
6 2 7 9 10 2 7 6 1 8
3 6 2 7 3 8 6 2 2 7
4 4 1 4 5 4 4 5 10 7
9 2 5 1 2 2 9 7 1 8
9 5 10 3 9 10 1 5 1 9
18 21 1
10 2 4 8 1 1 10 2 3 7
6 1 6 7 2 4 2 3 10 3
1 4 6 9 1 2 8 4 8 6
6 9 4 7 3 5 2 6 10 7
4 5 4 10 6 3 4 6 4 5
3 8 10 7 1 10 9 2 10 3
10 4 6 5 2 4 9 2 7 9
5 6 3 5 7 8 6 4 10 7
2 7 9 1 5 1 1 10 9 7
2 8 4 2 4 1 8 8 4 10
18 23 0
2 2 2 2 2 2 2 2 2 2
2 2 2 2 2 2 2 2 2 2
2 2 2 2 2 2 2 2 2 2
2 2 2 2 2 2 2 2 2 2
2 2 2 2 2 2 2 2 2 2
2 2 2 2 2 2 2 2 2 2
2 2 2 2 2 2 2 2 2 2
2 2 2 2 2 2 2 2 2 2
2 2 2 2 2 2 2 2 2 2
2 2 2 2 2 2 2 2 2 2
18 24 0
2 2 2 2 2 2 2 2 2 2
2 2 2 2 2 2 2 2 2 2
2 2 2 2 2 2 2 2 2 2
2 2 2 2 2 2 2 2 2 2
2 2 2 2 2 2 2 2 2 2
2 2 2 2 2 2 2 2 2 2
2 2 2 2 2 2 2 2 2 2
2 2 2 2 2 2 2 2 2 2
2 2 2 2 2 2 2 2 2 2
2 2 2 2 2 2 2 2 2 2
18 25 0
2 2 2 2 2 2 2 2 2 2
2 2 2 2 2 2 2 2 2 2
2 2 2 2 2 2 2 2 2 2
2 2 2 2 2 2 2 2 2 2
2 2 2 2 2 2 2 2 2 2
2 2 2 2 2 2 2 2 2 2
2 2 2 2 2 2 2 2 2 2
2 2 2 2 2 2 2 2 2 2
2 2 2 2 2 2 2 2 2 2
2 2 2 2 2 2 2 2 2 2
18 28 1
7 3 5 9 4 9 2 6 10 10
10 6 8 7 10 8 10 6 3 6
7 8 1 5 3 4 1 5 3 2
8 6 7 9 2 4 3 3 4 3
2 3 10 2 7 3 10 4 2 3
10 10 2 3 5 4 10 9 1 8
10 8 5 1 9 8 10 2 1 2
3 7 10 2 3 4 3 9 10 8
10 2 2 8 6 4 6 7 7 10
8 7 4 9 5 4 6 1 9 6
18 29 1
4 9 10 7 6 9 6 3 10 3
6 6 1 5 8 8 3 7 2 4
2 5 6 7 6 7 9 9 7 2
5 6 7 2 4 4 5 4 6 6
4 4 6 5 6 10 4 1 6 9
3 6 6 7 1 3 2 8 8 6
7 3 6 7 1 5 10 3 6 7
5 5 9 5 8 6 7 1 3 8
7 3 1 3 8 10 9 3 9 8
10 3 2 6 10 5 8 4 2 8
18 30 0
2 2 2 2 2 2 2 2 2 2
2 2 2 2 2 2 2 2 2 2
2 2 2 2 2 2 2 2 2 2
2 2 2 2 2 2 2 2 2 2
2 2 2 2 2 2 2 2 2 2
2 2 2 2 2 2 2 2 2 2
2 2 2 2 2 2 2 2 2 2
2 2 2 2 2 2 2 2 2 2
2 2 2 2 2 2 2 2 2 2
2 2 2 2 2 2 2 2 2 2
18 31 0
2 2 2 2 2 2 2 2 2 2
2 2 2 2 2 2 2 2 2 2
2 2 2 2 2 2 2 2 2 2
2 2 2 2 2 2 2 2 2 2
2 2 2 2 2 2 2 2 2 2
2 2 2 2 2 2 2 2 2 2
2 2 2 2 2 2 2 2 2 2
2 2 2 2 2 2 2 2 2 2
2 2 2 2 2 2 2 2 2 2
2 2 2 2 2 2 2 2 2 2
18 32 1
5 4 10 10 3 1 10 7 2 5
6 9 5 5 2 6 5 10 4 3
6 2 10 10 1 3 4 3 2 5
5 2 9 5 4 5 6 6 10 9
8 7 7 2 5 7 4 5 7 7
3 8 8 6 5 10 2 9 3 3
6 6 9 8 9 8 10 2 1 5
8 2 9 2 6 5 6 10 10 6
6 3 8 4 2 9 8 3 10 1
3 2 9 9 3 1 7 3 7 7
18 33 1
7 10 9 9 7 8 2 3 10 2
9 8 4 10 8 1 7 3 10 6
1 6 6 3 4 2 4 10 10 10
7 8 9 8 10 6 4 4 4 8
10 10 9 7 3 2 4 10 9 8
9 4 4 5 4 3 5 8 6 2
4 5 9 5 1 5 4 2 5 1
3 5 5 2 9 2 7 3 8 3
5 4 5 10 8 2 5 10 1 8
4 4 1 9 10 10 5 6 8 1
18 36 0
2 2 2 2 2 2 2 2 2 2
2 2 2 2 2 2 2 2 2 2
2 2 2 2 2 2 2 2 2 2
2 2 2 2 2 2 2 2 2 2
2 2 2 2 2 2 2 2 2 2
2 2 2 2 2 2 2 2 2 2
2 2 2 2 2 2 2 2 2 2
2 2 2 2 2 2 2 2 2 2
2 2 2 2 2 2 2 2 2 2
2 2 2 2 2 2 2 2 2 2
18 37 0
2 2 2 2 2 2 2 2 2 2
2 2 2 2 2 2 2 2 2 2
2 2 2 2 2 2 2 2 2 2
2 2 2 2 2 2 2 2 2 2
2 2 2 2 2 2 2 2 2 2
2 2 2 2 2 2 2 2 2 2
2 2 2 2 2 2 2 2 2 2
2 2 2 2 2 2 2 2 2 2
2 2 2 2 2 2 2 2 2 2
2 2 2 2 2 2 2 2 2 2
19 33 0
1 1 1 1 1 1 1 1 1 1
1 1 1 1 1 1 1 1 1 1
1 1 1 1 1 1 1 1 1 1
1 1 1 1 1 1 1 1 1 1
1 1 1 1 1 1 1 1 1 1
1 1 1 1 1 1 1 1 1 1
1 1 1 1 1 1 1 1 1 1
1 1 1 1 1 1 1 1 1 1
1 1 1 1 1 1 1 1 1 1
1 1 1 1 1 1 1 1 1 1
19 36 1
3 9 4 1 2 5 2 10 4 4
5 8 8 2 4 3 9 8 10 5
4 8 2 8 8 6 1 7 7 6
2 7 10 1 9 1 2 8 4 3
5 7 10 10 1 7 9 10 8 2
10 1 6 6 8 2 6 10 5 3
3 3 5 9 4 6 3 2 5 3
2 6 10 5 2 1 7 5 6 3
8 1 5 10 5 2 7 3 1 3
2 8 8 9 8 9 2 8 3 9
19 39 1
5 3 5 2 3 8 9 1 9 5
9 4 4 8 9 5 9 10 9 2
5 2 10 6 1 4 2 8 8 8
9 5 3 1 1 3 5 2 2 4
3 6 8 10 2 9 7 2 9 5
4 7 3 5 1 10 10 2 4 8
2 10 2 7 3 2 10 4 10 4
5 1 5 1 8 5 1 8 9 8
6 1 3 3 2 2 8 6 10 10
3 4 2 7 2 7 3 7 10 9
19 40 1
6 4 1 8 6 9 6 6 4 8
8 8 7 8 3 6 10 3 3 1
3 4 5 1 2 8 1 6 4 7
5 4 8 3 9 8 6 9 8 3
5 5 1 8 6 9 2 3 1 10
9 2 2 8 2 7 1 8 10 2
3 8 4 6 6 8 9 3 1 1
7 9 7 6 2 6 6 3 10 7
8 3 1 7 7 7 4 6 7 3
10 2 1 7 2 3 4 10 6 7
19 29 1
10 6 8 1 1 2 9 6 9 3
8 4 5 1 3 4 2 3 6 6
7 9 3 10 10 4 1 8 10 10
8 5 4 7 3 5 2 2 10 7
4 7 7 8 7 8 9 7 2 7
9 1 4 7 6 4 4 6 3 2
4 3 2 5 5 10 8 9 3 3
3 8 8 2 1 8 9 10 3 8
1 6 2 7 2 4 4 9 10 1
9 5 7 10 1 8 5 1 3 3
19 25 1
2 10 5 9 5 8 10 5 7 7
8 10 1 7 9 10 3 9 9 10
8 5 2 4 4 9 4 10 1 8
8 10 7 4 8 4 4 5 2 7
6 7 4 1 10 10 1 5 7 3
9 2 2 9 10 8 1 6 3 7
2 1 3 9 6 2 6 8 10 5
10 9 10 2 10 7 2 10 4 2
10 5 7 9 10 5 3 2 1 5
3 6 7 3 4 4 8 1 7 4
19 37 0
1 1 1 1 1 1 1 1 1 1
1 1 1 1 1 1 1 1 1 1
1 1 1 1 1 1 1 1 1 1
1 1 1 1 1 1 1 1 1 1
1 1 1 1 1 1 1 1 1 1
1 1 1 1 1 1 1 1 1 1
1 1 1 1 1 1 1 1 1 1
1 1 1 1 1 1 1 1 1 1
1 1 1 1 1 1 1 1 1 1
1 1 1 1 1 1 1 1 1 1
19 27 0
1 1 1 1 1 1 1 1 1 1
1 1 1 1 1 1 1 1 1 1
1 1 1 1 1 1 1 1 1 1
1 1 1 1 1 1 1 1 1 1
1 1 1 1 1 1 1 1 1 1
1 1 1 1 1 1 1 1 1 1
1 1 1 1 1 1 1 1 1 1
1 1 1 1 1 1 1 1 1 1
1 1 1 1 1 1 1 1 1 1
1 1 1 1 1 1 1 1 1 1
19 28 1
4 2 1 1 4 2 2 3 1 8
1 3 9 7 3 9 10 9 10 4
9 1 9 4 4 7 5 5 3 7
1 6 7 10 4 3 6 7 3 3
7 6 8 2 3 10 10 10 6 2
8 1 5 6 10 3 9 1 1 5
4 2 1 8 2 2 4 2 7 7
8 4 9 1 5 3 10 9 4 2
3 8 2 5 6 1 9 9 4 1
10 8 5 9 9 10 3 7 5 10
19 31 0
2 2 2 2 2 2 2 2 2 2
2 2 2 2 2 2 2 2 2 2
2 2 2 2 2 2 2 2 2 2
2 2 2 2 2 2 2 2 2 2
2 2 2 2 2 2 2 2 2 2
2 2 2 2 2 2 2 2 2 2
2 2 2 2 2 2 2 2 2 2
2 2 2 2 2 2 2 2 2 2
2 2 2 2 2 2 2 2 2 2
2 2 2 2 2 2 2 2 2 2
19 38 1
1 4 7 9 2 4 2 6 8 9
8 7 7 8 6 6 1 4 7 7
2 6 2 5 1 9 1 1 3 10
6 3 7 10 8 5 8 2 5 10
7 5 1 3 5 8 10 9 2 9
6 10 5 1 3 6 8 1 3 4
10 3 9 5 10 3 9 10 4 4
5 7 2 9 3 3 9 10 3 5
9 10 4 7 8 8 3 2 4 2
1 6 3 5 8 10 7 10 2 7
20 34 1
2 4 3 2 1 9 10 10 2 3
7 6 8 8 1 10 9 3 7 6
6 4 8 6 4 7 9 3 10 10
10 8 3 7 2 2 5 8 6 5
8 6 8 3 4 7 10 4 9 7
4 5 4 3 6 8 4 10 10 10
10 8 4 2 7 5 5 5 2 10
7 9 10 1 6 1 1 5 8 10
8 3 8 7 4 9 5 9 3 8
4 4 7 2 9 10 9 1 10 3
20 35 1
1 10 2 4 7 9 1 10 3 3
7 1 6 5 3 4 4 3 7 7
8 1 3 4 2 2 1 1 3 4
8 3 4 8 8 9 2 10 10 1
2 6 6 4 7 2 4 5 9 10
4 6 6 5 5 8 5 1 6 1
2 10 8 9 9 5 7 10 1 4
10 7 7 8 7 7 3 6 8 2
1 6 7 2 7 5 7 6 10 6
3 2 7 8 7 8 4 5 8 2
20 37 0
1 1 1 1 1 1 1 1 1 1
1 1 1 1 1 1 1 1 1 1
1 1 1 1 1 1 1 1 1 1
1 1 1 1 1 1 1 1 1 1
1 1 1 1 1 1 1 1 1 1
1 1 1 1 1 1 1 1 1 1
1 1 1 1 1 1 1 1 1 1
1 1 1 1 1 1 1 1 1 1
1 1 1 1 1 1 1 1 1 1
1 1 1 1 1 1 1 1 1 1
20 38 0
2 2 2 2 2 2 2 2 2 2
2 2 2 2 2 2 2 2 2 2
2 2 2 2 2 2 2 2 2 2
2 2 2 2 2 2 2 2 2 2
2 2 2 2 2 2 2 2 2 2
2 2 2 2 2 2 2 2 2 2
2 2 2 2 2 2 2 2 2 2
2 2 2 2 2 2 2 2 2 2
2 2 2 2 2 2 2 2 2 2
2 2 2 2 2 2 2 2 2 2
20 39 1
5 2 4 8 7 3 9 4 4 2
9 9 2 1 9 8 4 3 1 7
3 6 8 6 4 2 1 6 2 3
6 1 5 9 3 8 4 2 3 4
4 10 4 6 7 9 10 3 6 3
8 7 2 5 7 1 2 10 9 8
6 1 7 7 6 10 1 4 8 10
6 7 8 7 8 9 10 1 9 3
3 5 9 5 3 2 8 1 8 5
10 9 8 9 7 2 2 9 7 6
20 36 1
1 5 9 2 2 2 10 3 3 7
2 8 5 1 3 6 6 5 5 9
2 3 3 6 6 7 10 5 2 5
6 10 2 8 9 4 9 6 4 1
8 8 5 5 2 3 9 4 4 2
2 6 6 8 7 7 2 4 7 3
10 1 9 2 7 9 2 9 8 4
2 3 8 8 7 1 5 3 5 10
9 6 10 10 9 4 2 1 3 7
10 4 10 7 8 1 7 10 3 7
20 23 0
2 2 2 2 2 2 2 2 2 2
2 2 2 2 2 2 2 2 2 2
2 2 2 2 2 2 2 2 2 2
2 2 2 2 2 2 2 2 2 2
2 2 2 2 2 2 2 2 2 2
2 2 2 2 2 2 2 2 2 2
2 2 2 2 2 2 2 2 2 2
2 2 2 2 2 2 2 2 2 2
2 2 2 2 2 2 2 2 2 2
2 2 2 2 2 2 2 2 2 2
20 24 1
9 10 10 9 1 4 4 5 1 5
8 4 2 8 2 7 5 2 3 8
1 6 4 9 6 9 8 7 2 1
4 1 6 5 8 9 7 2 4 6
10 8 10 5 3 10 3 8 2 3
4 1 4 1 7 3 7 7 9 1
3 9 4 8 4 9 1 3 5 10
6 4 7 2 4 1 3 1 9 8
5 7 4 6 10 10 1 4 2 6
10 9 1 9 9 9 8 4 1 5
20 25 0
1 1 1 1 1 1 1 1 1 1
1 1 1 1 1 1 1 1 1 1
1 1 1 1 1 1 1 1 1 1
1 1 1 1 1 1 1 1 1 1
1 1 1 1 1 1 1 1 1 1
1 1 1 1 1 1 1 1 1 1
1 1 1 1 1 1 1 1 1 1
1 1 1 1 1 1 1 1 1 1
1 1 1 1 1 1 1 1 1 1
1 1 1 1 1 1 1 1 1 1
20 26 0
1 1 1 1 1 1 1 1 1 1
1 1 1 1 1 1 1 1 1 1
1 1 1 1 1 1 1 1 1 1
1 1 1 1 1 1 1 1 1 1
1 1 1 1 1 1 1 1 1 1
1 1 1 1 1 1 1 1 1 1
1 1 1 1 1 1 1 1 1 1
1 1 1 1 1 1 1 1 1 1
1 1 1 1 1 1 1 1 1 1
1 1 1 1 1 1 1 1 1 1
20 27 1
9 9 5 8 4 9 5 4 10 7
8 9 2 5 6 2 2 7 6 8
2 4 3 2 1 3 4 8 7 10
9 2 2 6 3 2 5 6 5 4
3 6 1 3 3 10 9 7 7 5
1 5 1 3 10 3 2 10 10 9
8 9 6 1 5 4 1 4 6 10
4 10 6 10 10 2 3 1 5 10
3 4 5 10 2 7 2 6 3 7
5 4 4 4 3 2 1 2 6 4
20 28 0
2 2 2 2 2 2 2 2 2 2
2 2 2 2 2 2 2 2 2 2
2 2 2 2 2 2 2 2 2 2
2 2 2 2 2 2 2 2 2 2
2 2 2 2 2 2 2 2 2 2
2 2 2 2 2 2 2 2 2 2
2 2 2 2 2 2 2 2 2 2
2 2 2 2 2 2 2 2 2 2
2 2 2 2 2 2 2 2 2 2
2 2 2 2 2 2 2 2 2 2
20 30 0
2 2 2 2 2 2 2 2 2 2
2 2 2 2 2 2 2 2 2 2
2 2 2 2 2 2 2 2 2 2
2 2 2 2 2 2 2 2 2 2
2 2 2 2 2 2 2 2 2 2
2 2 2 2 2 2 2 2 2 2
2 2 2 2 2 2 2 2 2 2
2 2 2 2 2 2 2 2 2 2
2 2 2 2 2 2 2 2 2 2
2 2 2 2 2 2 2 2 2 2
21 33 0
1 1 1 1 1 1 1 1 1 1
1 1 1 1 1 1 1 1 1 1
1 1 1 1 1 1 1 1 1 1
1 1 1 1 1 1 1 1 1 1
1 1 1 1 1 1 1 1 1 1
1 1 1 1 1 1 1 1 1 1
1 1 1 1 1 1 1 1 1 1
1 1 1 1 1 1 1 1 1 1
1 1 1 1 1 1 1 1 1 1
1 1 1 1 1 1 1 1 1 1
21 37 0
1 1 1 1 1 1 1 1 1 1
1 1 1 1 1 1 1 1 1 1
1 1 1 1 1 1 1 1 1 1
1 1 1 1 1 1 1 1 1 1
1 1 1 1 1 1 1 1 1 1
1 1 1 1 1 1 1 1 1 1
1 1 1 1 1 1 1 1 1 1
1 1 1 1 1 1 1 1 1 1
1 1 1 1 1 1 1 1 1 1
1 1 1 1 1 1 1 1 1 1
21 38 0
1 1 1 1 1 1 1 1 1 1
1 1 1 1 1 1 1 1 1 1
1 1 1 1 1 1 1 1 1 1
1 1 1 1 1 1 1 1 1 1
1 1 1 1 1 1 1 1 1 1
1 1 1 1 1 1 1 1 1 1
1 1 1 1 1 1 1 1 1 1
1 1 1 1 1 1 1 1 1 1
1 1 1 1 1 1 1 1 1 1
1 1 1 1 1 1 1 1 1 1
21 39 0
2 2 2 2 2 2 2 2 2 2
2 2 2 2 2 2 2 2 2 2
2 2 2 2 2 2 2 2 2 2
2 2 2 2 2 2 2 2 2 2
2 2 2 2 2 2 2 2 2 2
2 2 2 2 2 2 2 2 2 2
2 2 2 2 2 2 2 2 2 2
2 2 2 2 2 2 2 2 2 2
2 2 2 2 2 2 2 2 2 2
2 2 2 2 2 2 2 2 2 2
21 40 0
2 2 2 2 2 2 2 2 2 2
2 2 2 2 2 2 2 2 2 2
2 2 2 2 2 2 2 2 2 2
2 2 2 2 2 2 2 2 2 2
2 2 2 2 2 2 2 2 2 2
2 2 2 2 2 2 2 2 2 2
2 2 2 2 2 2 2 2 2 2
2 2 2 2 2 2 2 2 2 2
2 2 2 2 2 2 2 2 2 2
2 2 2 2 2 2 2 2 2 2
21 35 1
5 1 8 8 1 3 5 9 10 8
8 7 1 5 7 5 3 4 8 4
7 6 8 3 2 3 1 1 2 4
10 3 2 7 10 3 4 8 2 10
10 1 3 3 6 3 4 7 5 4
4 4 4 4 9 6 5 7 4 10
3 6 2 10 6 4 7 2 7 5
10 4 1 10 1 1 9 5 1 5
10 8 5 10 8 8 3 1 6 3
4 7 7 1 9 10 7 5 10 7
21 23 1
2 5 9 9 10 2 3 3 1 7
6 6 10 5 6 2 2 3 9 10
2 7 8 7 4 9 8 6 6 5
9 1 6 5 5 8 1 3 1 9
7 8 3 3 4 7 8 4 8 6
3 9 5 1 10 4 5 5 3 10
1 5 3 2 9 10 2 4 1 1
7 3 3 7 10 9 10 1 3 9
1 6 3 1 8 10 10 9 10 7
1 1 8 8 5 3 10 8 1 4
21 26 0
1 1 1 1 1 1 1 1 1 1
1 1 1 1 1 1 1 1 1 1
1 1 1 1 1 1 1 1 1 1
1 1 1 1 1 1 1 1 1 1
1 1 1 1 1 1 1 1 1 1
1 1 1 1 1 1 1 1 1 1
1 1 1 1 1 1 1 1 1 1
1 1 1 1 1 1 1 1 1 1
1 1 1 1 1 1 1 1 1 1
1 1 1 1 1 1 1 1 1 1
21 29 1
2 7 8 6 2 6 3 6 2 3
9 5 9 7 6 4 9 8 5 5
8 2 3 1 1 2 10 4 3 8
6 9 5 4 9 9 8 5 6 1
10 8 4 7 6 7 7 3 9 2
6 2 7 10 4 7 4 1 6 7
7 9 4 6 1 3 2 7 8 10
9 3 8 7 9 10 3 5 1 10
10 10 6 4 6 7 6 3 4 9
9 7 8 1 5 4 4 5 1 6
22 33 1
3 4 10 2 1 4 6 7 4 1
9 4 10 10 3 6 9 4 1 5
7 6 9 7 10 2 7 7 3 3
9 7 2 2 4 1 1 10 10 7
3 6 4 5 1 8 3 1 8 10
8 9 10 10 6 1 8 9 8 8
10 6 10 6 8 4 6 7 6 7
6 6 5 10 8 6 6 7 9 3
10 10 6 1 5 4 10 1 10 4
6 7 9 2 8 6 9 1 9 4
22 37 0
1 1 1 1 1 1 1 1 1 1
1 1 1 1 1 1 1 1 1 1
1 1 1 1 1 1 1 1 1 1
1 1 1 1 1 1 1 1 1 1
1 1 1 1 1 1 1 1 1 1
1 1 1 1 1 1 1 1 1 1
1 1 1 1 1 1 1 1 1 1
1 1 1 1 1 1 1 1 1 1
1 1 1 1 1 1 1 1 1 1
1 1 1 1 1 1 1 1 1 1
22 38 1
9 5 6 10 1 10 8 5 9 3
10 4 3 9 2 9 10 8 4 7
4 10 5 1 9 4 10 2 5 5
3 2 4 3 5 1 4 1 3 8
1 4 3 8 6 3 5 5 8 10
9 9 8 2 4 2 6 9 1 3
9 2 1 2 5 2 1 8 4 8
9 6 10 2 4 3 5 6 2 5
3 4 8 4 1 7 4 8 8 1
9 2 7 3 8 1 5 2 4 7
22 24 0
1 1 1 1 1 1 1 1 1 1
1 1 1 1 1 1 1 1 1 1
1 1 1 1 1 1 1 1 1 1
1 1 1 1 1 1 1 1 1 1
1 1 1 1 1 1 1 1 1 1
1 1 1 1 1 1 1 1 1 1
1 1 1 1 1 1 1 1 1 1
1 1 1 1 1 1 1 1 1 1
1 1 1 1 1 1 1 1 1 1
1 1 1 1 1 1 1 1 1 1
22 29 1
8 9 7 3 1 8 9 7 3 3
7 3 3 5 8 5 8 2 1 9
2 8 7 2 4 9 7 10 9 10
5 6 9 1 3 3 4 2 2 2
9 5 6 4 5 2 3 2 9 1
4 10 7 5 2 2 9 3 1 2
5 10 2 3 6 7 5 7 8 4
6 1 3 10 3 1 4 8 5 10
5 3 6 9 6 10 4 8 8 6
9 3 6 9 9 7 9 3 6 4
22 30 1
5 4 6 9 9 3 4 4 2 9
8 1 7 5 9 4 6 5 5 1
6 7 6 5 3 5 4 4 3 2
6 6 1 9 9 6 10 1 3 4
9 1 3 5 9 8 2 3 9 7
9 7 3 1 4 4 7 3 3 5
10 7 5 5 2 7 1 6 8 6
4 10 3 2 9 7 6 8 2 5
1 1 8 8 10 6 2 1 3 4
5 9 10 6 8 10 3 9 3 2
23 36 1
8 7 5 9 3 1 6 3 6 1
6 4 7 7 5 4 3 5 2 9
4 9 5 6 1 2 3 8 7 4
1 7 3 2 1 5 10 7 2 4
4 6 2 7 6 5 10 10 3 4
3 6 5 7 10 9 6 7 4 6
8 5 9 6 3 6 1 4 6 8
7 1 5 8 4 9 8 10 9 4
4 4 10 8 8 1 6 4 5 9
1 7 1 2 8 1 9 10 7 7
23 38 1
8 8 4 6 2 4 1 5 1 3
5 6 4 4 9 1 9 7 10 5
10 4 10 6 2 8 5 9 5 5
1 6 9 7 7 1 8 8 10 8
8 9 10 10 4 4 8 4 7 2
2 1 7 2 6 7 2 6 7 1
1 9 5 2 9 7 6 2 8 3
4 8 3 1 1 4 8 3 4 4
10 4 2 1 4 4 9 1 6 9
5 10 6 6 7 10 2 3 2 6
23 40 0
1 1 1 1 1 1 1 1 1 1
1 1 1 1 1 1 1 1 1 1
1 1 1 1 1 1 1 1 1 1
1 1 1 1 1 1 1 1 1 1
1 1 1 1 1 1 1 1 1 1
1 1 1 1 1 1 1 1 1 1
1 1 1 1 1 1 1 1 1 1
1 1 1 1 1 1 1 1 1 1
1 1 1 1 1 1 1 1 1 1
1 1 1 1 1 1 1 1 1 1
23 33 0
1 1 1 1 1 1 1 1 1 1
1 1 1 1 1 1 1 1 1 1
1 1 1 1 1 1 1 1 1 1
1 1 1 1 1 1 1 1 1 1
1 1 1 1 1 1 1 1 1 1
1 1 1 1 1 1 1 1 1 1
1 1 1 1 1 1 1 1 1 1
1 1 1 1 1 1 1 1 1 1
1 1 1 1 1 1 1 1 1 1
1 1 1 1 1 1 1 1 1 1
23 26 0
1 1 1 1 1 1 1 1 1 1
1 1 1 1 1 1 1 1 1 1
1 1 1 1 1 1 1 1 1 1
1 1 1 1 1 1 1 1 1 1
1 1 1 1 1 1 1 1 1 1
1 1 1 1 1 1 1 1 1 1
1 1 1 1 1 1 1 1 1 1
1 1 1 1 1 1 1 1 1 1
1 1 1 1 1 1 1 1 1 1
1 1 1 1 1 1 1 1 1 1
23 28 1
2 5 10 5 3 7 6 6 4 1
4 6 9 1 10 9 3 6 8 6
6 8 1 10 3 9 3 4 2 1
5 9 5 1 1 1 10 2 10 8
10 5 2 7 9 9 3 5 6 2
1 5 9 5 1 7 7 2 1 2
7 8 2 5 3 1 3 7 9 4
10 3 5 9 4 3 8 7 8 5
10 1 7 5 6 7 5 9 5 1
8 6 7 10 2 9 9 6 6 4
23 30 0
1 1 1 1 1 1 1 1 1 1
1 1 1 1 1 1 1 1 1 1
1 1 1 1 1 1 1 1 1 1
1 1 1 1 1 1 1 1 1 1
1 1 1 1 1 1 1 1 1 1
1 1 1 1 1 1 1 1 1 1
1 1 1 1 1 1 1 1 1 1
1 1 1 1 1 1 1 1 1 1
1 1 1 1 1 1 1 1 1 1
1 1 1 1 1 1 1 1 1 1
23 37 0
1 1 1 1 1 1 1 1 1 1
1 1 1 1 1 1 1 1 1 1
1 1 1 1 1 1 1 1 1 1
1 1 1 1 1 1 1 1 1 1
1 1 1 1 1 1 1 1 1 1
1 1 1 1 1 1 1 1 1 1
1 1 1 1 1 1 1 1 1 1
1 1 1 1 1 1 1 1 1 1
1 1 1 1 1 1 1 1 1 1
1 1 1 1 1 1 1 1 1 1
24 34 0
1 1 1 1 1 1 1 1 1 1
1 1 1 1 1 1 1 1 1 1
1 1 1 1 1 1 1 1 1 1
1 1 1 1 1 1 1 1 1 1
1 1 1 1 1 1 1 1 1 1
1 1 1 1 1 1 1 1 1 1
1 1 1 1 1 1 1 1 1 1
1 1 1 1 1 1 1 1 1 1
1 1 1 1 1 1 1 1 1 1
1 1 1 1 1 1 1 1 1 1
24 35 1
6 4 6 5 5 9 1 9 9 4
2 3 6 9 3 1 10 6 2 1
9 10 6 2 2 9 1 4 10 7
6 2 3 3 9 3 5 4 9 9
6 1 3 7 9 10 3 8 10 8
4 3 4 1 3 6 10 10 6 7
9 6 2 10 1 7 4 4 2 1
8 6 4 10 6 8 6 2 9 1
6 6 5 1 2 7 10 2 4 3
2 10 8 7 1 10 4 4 5 8
24 36 1
5 5 8 7 9 8 7 4 2 7
5 4 9 4 9 9 7 3 3 7
2 9 2 4 5 3 10 1 4 4
1 3 1 3 10 2 1 2 1 4
1 4 8 5 6 8 3 7 2 6
5 6 7 5 1 10 5 3 10 1
10 8 10 2 5 9 2 9 9 7
8 1 8 9 1 4 2 10 5 8
7 1 10 6 10 10 3 4 4 9
2 10 5 3 9 10 9 1 5 10
24 37 0
2 2 2 2 2 2 2 2 2 2
2 2 2 2 2 2 2 2 2 2
2 2 2 2 2 2 2 2 2 2
2 2 2 2 2 2 2 2 2 2
2 2 2 2 2 2 2 2 2 2
2 2 2 2 2 2 2 2 2 2
2 2 2 2 2 2 2 2 2 2
2 2 2 2 2 2 2 2 2 2
2 2 2 2 2 2 2 2 2 2
2 2 2 2 2 2 2 2 2 2
24 38 0
2 2 2 2 2 2 2 2 2 2
2 2 2 2 2 2 2 2 2 2
2 2 2 2 2 2 2 2 2 2
2 2 2 2 2 2 2 2 2 2
2 2 2 2 2 2 2 2 2 2
2 2 2 2 2 2 2 2 2 2
2 2 2 2 2 2 2 2 2 2
2 2 2 2 2 2 2 2 2 2
2 2 2 2 2 2 2 2 2 2
2 2 2 2 2 2 2 2 2 2
24 25 0
2 2 2 2 2 2 2 2 2 2
2 2 2 2 2 2 2 2 2 2
2 2 2 2 2 2 2 2 2 2
2 2 2 2 2 2 2 2 2 2
2 2 2 2 2 2 2 2 2 2
2 2 2 2 2 2 2 2 2 2
2 2 2 2 2 2 2 2 2 2
2 2 2 2 2 2 2 2 2 2
2 2 2 2 2 2 2 2 2 2
2 2 2 2 2 2 2 2 2 2
24 28 0
1 1 1 1 1 1 1 1 1 1
1 1 1 1 1 1 1 1 1 1
1 1 1 1 1 1 1 1 1 1
1 1 1 1 1 1 1 1 1 1
1 1 1 1 1 1 1 1 1 1
1 1 1 1 1 1 1 1 1 1
1 1 1 1 1 1 1 1 1 1
1 1 1 1 1 1 1 1 1 1
1 1 1 1 1 1 1 1 1 1
1 1 1 1 1 1 1 1 1 1
25 39 1
9 1 7 10 3 10 3 7 8 7
7 8 1 8 2 9 5 5 5 9
4 6 8 8 7 5 8 8 4 9
1 1 5 10 2 6 4 7 9 7
7 2 1 2 7 2 8 10 1 9
5 10 5 1 2 2 7 10 4 2
5 8 2 5 9 10 9 2 5 4
10 10 10 4 2 7 7 10 3 6
8 1 9 6 1 1 6 6 9 8
3 9 4 6 5 5 8 4 9 2
25 26 1
9 10 10 4 6 9 2 6 8 9
7 7 7 4 7 5 9 7 10 8
1 9 5 3 10 5 5 4 2 6
10 3 2 3 3 1 4 1 5 2
9 8 9 3 7 9 10 8 2 9
9 10 7 9 5 3 8 8 1 9
7 4 3 6 8 3 6 3 1 10
4 3 3 4 4 8 8 3 1 1
3 9 2 4 10 10 5 2 8 10
6 4 6 2 5 1 7 8 9 5
25 27 1
6 1 1 10 3 3 3 5 7 1
2 6 5 4 8 2 6 6 1 7
7 6 10 10 8 6 7 8 2 6
5 10 2 7 3 3 8 8 9 8
4 5 4 2 5 9 1 5 7 9
8 7 6 9 3 7 9 1 2 9
8 8 9 10 2 7 10 9 6 8
6 1 5 9 8 10 6 10 9 8
3 6 9 5 4 4 8 7 8 5
7 6 2 4 6 8 4 2 7 9
25 28 0
1 1 1 1 1 1 1 1 1 1
1 1 1 1 1 1 1 1 1 1
1 1 1 1 1 1 1 1 1 1
1 1 1 1 1 1 1 1 1 1
1 1 1 1 1 1 1 1 1 1
1 1 1 1 1 1 1 1 1 1
1 1 1 1 1 1 1 1 1 1
1 1 1 1 1 1 1 1 1 1
1 1 1 1 1 1 1 1 1 1
1 1 1 1 1 1 1 1 1 1
25 31 1
7 1 4 6 8 1 1 9 9 2
3 8 4 2 10 9 3 10 1 3
8 3 2 7 7 10 4 3 2 5
9 5 8 9 8 8 1 6 10 8
2 8 5 5 9 2 6 6 9 4
10 10 5 8 8 2 10 3 9 8
9 3 1 6 4 1 1 10 6 8
9 7 9 2 5 5 7 5 4 6
8 6 7 1 9 8 9 4 4 8
6 9 3 5 10 7 10 10 4 7
25 32 1
9 5 8 4 4 5 3 8 4 9
10 3 10 1 4 2 5 3 3 9
8 5 3 4 1 1 3 4 1 6
10 4 5 3 6 9 2 10 5 9
9 2 2 6 6 3 5 10 4 8
3 3 6 1 5 1 5 6 6 9
1 1 5 8 3 6 8 4 4 8
8 10 2 7 8 2 3 8 4 3
9 9 6 4 7 5 4 2 2 10
6 4 4 4 6 7 4 1 8 3
26 31 0
1 1 1 1 1 1 1 1 1 1
1 1 1 1 1 1 1 1 1 1
1 1 1 1 1 1 1 1 1 1
1 1 1 1 1 1 1 1 1 1
1 1 1 1 1 1 1 1 1 1
1 1 1 1 1 1 1 1 1 1
1 1 1 1 1 1 1 1 1 1
1 1 1 1 1 1 1 1 1 1
1 1 1 1 1 1 1 1 1 1
1 1 1 1 1 1 1 1 1 1
26 34 1
9 7 10 5 6 3 6 8 4 10
1 4 7 3 3 2 10 6 4 5
1 4 7 10 3 1 10 8 3 2
4 8 1 1 1 3 3 5 7 1
7 5 9 9 1 5 3 8 9 4
7 5 4 8 7 3 8 10 2 10
5 4 9 5 5 9 7 5 6 6
1 8 3 9 7 4 7 10 9 7
8 7 4 7 4 6 9 4 1 6
2 4 1 10 10 7 1 8 10 1
26 35 0
1 1 1 1 1 1 1 1 1 1
1 1 1 1 1 1 1 1 1 1
1 1 1 1 1 1 1 1 1 1
1 1 1 1 1 1 1 1 1 1
1 1 1 1 1 1 1 1 1 1
1 1 1 1 1 1 1 1 1 1
1 1 1 1 1 1 1 1 1 1
1 1 1 1 1 1 1 1 1 1
1 1 1 1 1 1 1 1 1 1
1 1 1 1 1 1 1 1 1 1
26 37 1
4 9 6 3 10 2 3 8 3 9
6 2 5 10 1 2 9 3 2 4
4 1 3 10 2 6 1 7 6 4
8 10 8 2 4 1 10 2 8 8
3 3 8 4 1 3 5 8 7 6
1 5 10 2 7 5 4 6 8 10
8 2 1 8 9 1 4 6 9 10
10 10 10 2 6 6 7 2 7 1
8 7 4 2 2 7 5 4 3 2
8 6 9 6 2 8 8 8 5 9
26 38 0
2 2 2 2 2 2 2 2 2 2
2 2 2 2 2 2 2 2 2 2
2 2 2 2 2 2 2 2 2 2
2 2 2 2 2 2 2 2 2 2
2 2 2 2 2 2 2 2 2 2
2 2 2 2 2 2 2 2 2 2
2 2 2 2 2 2 2 2 2 2
2 2 2 2 2 2 2 2 2 2
2 2 2 2 2 2 2 2 2 2
2 2 2 2 2 2 2 2 2 2
26 39 0
2 2 2 2 2 2 2 2 2 2
2 2 2 2 2 2 2 2 2 2
2 2 2 2 2 2 2 2 2 2
2 2 2 2 2 2 2 2 2 2
2 2 2 2 2 2 2 2 2 2
2 2 2 2 2 2 2 2 2 2
2 2 2 2 2 2 2 2 2 2
2 2 2 2 2 2 2 2 2 2
2 2 2 2 2 2 2 2 2 2
2 2 2 2 2 2 2 2 2 2
27 29 1
1 3 9 3 5 10 4 10 6 1
8 4 6 3 3 1 7 9 3 3
1 3 8 10 4 10 9 4 2 4
4 6 2 10 3 8 1 3 7 5
9 5 5 7 1 3 10 8 9 3
7 2 6 8 9 6 10 4 9 7
8 6 8 3 3 5 6 1 6 1
8 1 5 5 4 10 4 10 10 1
8 9 6 6 8 10 1 3 10 8
8 2 9 8 5 5 8 7 10 1
27 30 0
2 2 2 2 2 2 2 2 2 2
2 2 2 2 2 2 2 2 2 2
2 2 2 2 2 2 2 2 2 2
2 2 2 2 2 2 2 2 2 2
2 2 2 2 2 2 2 2 2 2
2 2 2 2 2 2 2 2 2 2
2 2 2 2 2 2 2 2 2 2
2 2 2 2 2 2 2 2 2 2
2 2 2 2 2 2 2 2 2 2
2 2 2 2 2 2 2 2 2 2
27 32 1
8 8 8 6 3 2 6 5 7 5
10 2 2 8 3 5 1 4 7 6
5 4 3 2 3 8 7 6 7 8
2 8 7 5 7 1 4 10 3 7
8 2 10 4 5 5 9 9 3 3
7 3 7 5 4 9 3 7 6 10
7 8 9 9 3 4 1 5 10 2
3 1 1 7 1 8 10 9 8 7
3 1 8 2 1 6 2 5 4 6
2 7 6 8 4 2 1 1 3 1
27 33 1
7 2 4 4 4 6 5 1 8 5
4 3 1 1 5 3 6 6 10 1
10 6 10 5 2 5 1 9 8 5
7 6 4 3 3 8 2 9 7 3
8 3 1 7 7 4 10 5 1 6
6 7 5 2 4 10 1 6 1 3
2 9 8 6 1 5 9 1 9 9
8 10 10 7 5 10 5 5 6 10
4 10 10 3 4 9 4 9 8 9
8 7 10 9 8 3 10 9 4 2
27 37 0
1 1 1 1 1 1 1 1 1 1
1 1 1 1 1 1 1 1 1 1
1 1 1 1 1 1 1 1 1 1
1 1 1 1 1 1 1 1 1 1
1 1 1 1 1 1 1 1 1 1
1 1 1 1 1 1 1 1 1 1
1 1 1 1 1 1 1 1 1 1
1 1 1 1 1 1 1 1 1 1
1 1 1 1 1 1 1 1 1 1
1 1 1 1 1 1 1 1 1 1
27 38 1
5 2 9 9 4 7 4 3 5 10
4 5 8 5 5 1 8 10 2 2
7 7 4 7 4 4 6 2 7 5
4 8 3 4 8 4 8 1 6 1
7 8 8 9 10 2 7 6 5 1
10 9 7 5 6 3 4 4 8 3
9 9 2 9 3 4 2 9 5 8
1 10 6 8 2 2 1 4 5 3
2 2 2 7 9 7 9 6 2 2
6 5 1 5 4 9 1 10 6 1
27 39 0
1 1 1 1 1 1 1 1 1 1
1 1 1 1 1 1 1 1 1 1
1 1 1 1 1 1 1 1 1 1
1 1 1 1 1 1 1 1 1 1
1 1 1 1 1 1 1 1 1 1
1 1 1 1 1 1 1 1 1 1
1 1 1 1 1 1 1 1 1 1
1 1 1 1 1 1 1 1 1 1
1 1 1 1 1 1 1 1 1 1
1 1 1 1 1 1 1 1 1 1
28 36 1
7 7 2 10 2 2 6 4 5 9
1 9 3 5 6 3 4 6 8 2
9 10 5 2 4 6 9 10 6 4
6 10 4 8 6 7 3 1 9 1
4 1 7 5 3 4 7 4 7 4
9 9 1 8 2 8 9 2 9 7
4 9 9 4 5 2 9 10 3 7
5 4 7 4 4 9 4 1 8 8
10 9 2 4 4 6 2 9 2 5
8 3 9 8 10 3 5 5 10 5
28 35 0
1 1 1 1 1 1 1 1 1 1
1 1 1 1 1 1 1 1 1 1
1 1 1 1 1 1 1 1 1 1
1 1 1 1 1 1 1 1 1 1
1 1 1 1 1 1 1 1 1 1
1 1 1 1 1 1 1 1 1 1
1 1 1 1 1 1 1 1 1 1
1 1 1 1 1 1 1 1 1 1
1 1 1 1 1 1 1 1 1 1
1 1 1 1 1 1 1 1 1 1
28 38 1
8 8 2 10 1 3 1 4 7 1
7 4 8 1 3 6 4 4 10 3
2 2 3 6 10 3 2 10 2 5
1 7 2 7 10 1 6 3 6 7
1 6 8 1 10 2 5 10 2 7
5 10 1 1 10 4 5 3 1 8
1 4 7 3 7 7 8 8 4 4
8 3 7 8 1 9 3 8 4 1
5 2 9 2 9 3 6 8 4 8
2 9 9 6 5 3 6 7 3 7
28 29 0
2 2 2 2 2 2 2 2 2 2
2 2 2 2 2 2 2 2 2 2
2 2 2 2 2 2 2 2 2 2
2 2 2 2 2 2 2 2 2 2
2 2 2 2 2 2 2 2 2 2
2 2 2 2 2 2 2 2 2 2
2 2 2 2 2 2 2 2 2 2
2 2 2 2 2 2 2 2 2 2
2 2 2 2 2 2 2 2 2 2
2 2 2 2 2 2 2 2 2 2
28 30 1
4 9 2 6 8 3 7 4 4 9
9 9 10 4 4 2 2 4 9 4
10 3 3 1 6 9 1 3 3 7
2 9 3 9 4 2 6 3 7 9
1 10 7 3 4 9 2 2 10 10
8 7 7 6 5 1 3 5 6 3
3 6 10 10 9 8 6 9 10 10
8 10 7 7 9 3 8 5 8 3
6 4 2 2 2 1 6 6 2 7
2 8 3 6 6 9 2 2 5 1
28 31 1
3 3 3 9 3 1 6 6 5 1
10 10 8 6 5 10 5 4 10 1
2 5 4 6 5 2 4 5 10 7
5 1 8 9 10 5 4 6 10 4
7 2 4 8 5 8 5 3 10 9
3 2 9 6 8 2 2 3 5 5
4 8 4 8 2 5 1 7 2 10
6 4 6 1 6 4 8 10 5 6
9 8 6 5 5 4 1 2 2 8
10 9 1 1 4 10 6 1 9 10
28 32 1
5 5 10 1 5 2 4 2 9 3
5 9 4 4 5 5 8 10 3 1
5 9 1 7 6 8 7 3 7 10
7 4 7 2 3 6 10 9 5 8
5 7 1 1 5 6 7 5 8 3
3 7 5 1 8 4 2 2 7 6
2 5 1 9 2 9 4 1 1 5
1 6 1 4 3 8 10 8 5 4
9 1 7 5 1 6 9 2 1 10
1 9 6 7 6 6 3 2 8 7
29 33 0
2 2 2 2 2 2 2 2 2 2
2 2 2 2 2 2 2 2 2 2
2 2 2 2 2 2 2 2 2 2
2 2 2 2 2 2 2 2 2 2
2 2 2 2 2 2 2 2 2 2
2 2 2 2 2 2 2 2 2 2
2 2 2 2 2 2 2 2 2 2
2 2 2 2 2 2 2 2 2 2
2 2 2 2 2 2 2 2 2 2
2 2 2 2 2 2 2 2 2 2
29 37 1
6 2 6 3 9 3 3 1 6 2
5 7 6 10 5 7 8 7 2 6
3 1 6 7 5 7 4 1 2 5
3 6 6 7 1 3 9 3 3 2
6 6 7 1 5 2 9 9 3 6
5 10 2 5 2 10 7 10 9 5
4 6 3 9 4 5 1 8 1 5
10 6 9 7 7 9 6 8 2 9
1 4 4 2 1 6 6 10 4 1
1 9 1 7 6 6 3 6 5 8
29 40 1
4 8 9 6 6 8 2 8 8 1
5 2 9 4 10 10 4 3 8 5
9 5 5 3 2 2 5 9 9 2
5 6 6 6 5 8 7 4 8 6
4 2 3 9 5 7 6 2 4 9
4 8 3 10 9 1 4 7 8 8
9 8 6 3 9 2 8 3 6 6
8 4 9 2 9 9 10 5 10 10
8 9 6 3 2 6 5 4 8 7
9 7 7 9 1 3 4 6 1 3
29 30 0
2 2 2 2 2 2 2 2 2 2
2 2 2 2 2 2 2 2 2 2
2 2 2 2 2 2 2 2 2 2
2 2 2 2 2 2 2 2 2 2
2 2 2 2 2 2 2 2 2 2
2 2 2 2 2 2 2 2 2 2
2 2 2 2 2 2 2 2 2 2
2 2 2 2 2 2 2 2 2 2
2 2 2 2 2 2 2 2 2 2
2 2 2 2 2 2 2 2 2 2
30 31 1
1 4 10 7 3 7 9 1 1 3
9 4 2 3 6 8 1 6 1 5
7 6 3 5 4 8 1 3 1 7
2 3 4 2 5 8 8 7 1 5
5 5 10 9 7 8 8 8 10 7
4 10 1 2 4 3 4 4 3 7
7 8 1 7 6 1 5 6 5 4
7 9 1 8 7 5 10 2 7 5
8 8 5 4 7 2 10 8 6 4
7 9 3 2 9 9 5 10 1 2
30 32 1
5 2 2 8 7 4 6 8 3 5
2 6 4 7 5 9 8 1 7 5
7 10 3 5 7 5 5 2 9 3
7 4 5 9 9 6 3 9 3 9
9 6 3 6 3 8 8 5 8 10
3 1 10 4 7 1 8 6 10 2
7 10 9 9 2 2 3 1 10 8
8 7 8 7 3 10 9 9 3 10
8 5 6 5 3 5 4 6 7 8
3 1 2 8 5 8 6 9 3 4
30 33 1
4 9 4 2 7 5 8 8 9 3
5 7 5 3 10 1 10 7 10 10
1 7 10 2 9 6 8 6 4 4
6 10 7 6 7 8 4 2 10 4
8 2 2 3 8 9 10 6 9 7
8 5 10 1 9 1 1 3 5 10
4 5 4 4 8 3 10 8 2 10
5 2 7 5 8 8 8 3 8 10
9 4 2 7 3 10 9 3 7 9
2 9 5 10 6 8 4 2 6 3
30 34 0
2 2 2 2 2 2 2 2 2 2
2 2 2 2 2 2 2 2 2 2
2 2 2 2 2 2 2 2 2 2
2 2 2 2 2 2 2 2 2 2
2 2 2 2 2 2 2 2 2 2
2 2 2 2 2 2 2 2 2 2
2 2 2 2 2 2 2 2 2 2
2 2 2 2 2 2 2 2 2 2
2 2 2 2 2 2 2 2 2 2
2 2 2 2 2 2 2 2 2 2
30 39 0
1 1 1 1 1 1 1 1 1 1
1 1 1 1 1 1 1 1 1 1
1 1 1 1 1 1 1 1 1 1
1 1 1 1 1 1 1 1 1 1
1 1 1 1 1 1 1 1 1 1
1 1 1 1 1 1 1 1 1 1
1 1 1 1 1 1 1 1 1 1
1 1 1 1 1 1 1 1 1 1
1 1 1 1 1 1 1 1 1 1
1 1 1 1 1 1 1 1 1 1
30 40 0
1 1 1 1 1 1 1 1 1 1
1 1 1 1 1 1 1 1 1 1
1 1 1 1 1 1 1 1 1 1
1 1 1 1 1 1 1 1 1 1
1 1 1 1 1 1 1 1 1 1
1 1 1 1 1 1 1 1 1 1
1 1 1 1 1 1 1 1 1 1
1 1 1 1 1 1 1 1 1 1
1 1 1 1 1 1 1 1 1 1
1 1 1 1 1 1 1 1 1 1
31 33 1
6 9 4 2 4 4 4 5 7 6
1 5 6 3 3 8 10 7 4 7
10 10 1 9 2 3 1 9 6 7
2 7 10 3 7 9 5 8 5 9
6 6 4 1 6 4 10 8 2 10
1 3 6 5 3 4 1 4 5 2
4 7 3 10 2 6 6 6 3 1
1 9 10 4 5 4 9 4 4 4
9 3 1 3 4 7 4 5 2 3
8 2 5 7 5 7 4 2 7 2
31 34 1
6 10 9 4 3 10 2 4 4 4
1 7 8 2 2 6 2 1 8 10
10 4 9 1 1 2 9 9 3 8
5 5 2 1 5 8 7 6 8 6
5 8 8 10 2 8 6 5 4 6
1 10 6 3 8 2 10 1 6 9
5 3 7 10 4 4 3 8 6 6
1 5 5 10 4 3 3 3 1 7
8 1 1 5 2 7 4 8 10 7
5 5 5 2 5 7 2 10 6 1
31 36 0
2 2 2 2 2 2 2 2 2 2
2 2 2 2 2 2 2 2 2 2
2 2 2 2 2 2 2 2 2 2
2 2 2 2 2 2 2 2 2 2
2 2 2 2 2 2 2 2 2 2
2 2 2 2 2 2 2 2 2 2
2 2 2 2 2 2 2 2 2 2
2 2 2 2 2 2 2 2 2 2
2 2 2 2 2 2 2 2 2 2
2 2 2 2 2 2 2 2 2 2
31 37 1
8 7 6 1 10 7 1 1 10 3
10 2 2 3 9 5 8 10 3 10
1 8 1 6 5 8 4 4 10 6
6 5 6 1 5 2 4 6 3 5
7 7 5 2 1 2 5 8 8 10
4 7 8 8 3 8 8 9 9 4
2 5 10 2 9 1 1 9 10 3
3 3 10 2 5 4 8 5 4 1
7 5 3 2 5 3 1 6 5 8
2 3 8 8 9 3 4 9 9 7
31 40 1
3 2 9 10 2 6 3 10 9 7
4 8 7 2 1 8 3 6 5 1
10 9 9 1 2 9 9 2 8 4
5 4 6 3 2 8 3 8 3 5
4 10 8 8 6 10 7 3 5 10
10 10 1 7 5 3 8 3 7 5
8 2 8 5 2 10 3 9 2 8
3 7 8 1 1 6 1 5 10 5
2 5 5 8 4 4 3 10 10 7
7 10 5 1 1 8 4 9 10 4
31 32 1
7 4 4 10 9 8 7 2 5 9
6 6 5 4 5 4 10 6 5 2
4 6 1 6 8 2 5 5 1 5
2 3 3 8 6 4 10 5 8 7
8 5 4 6 4 3 10 7 10 2
9 1 4 1 8 7 2 5 4 1
5 3 7 5 3 4 2 2 6 8
7 6 8 2 3 2 7 1 10 6
3 8 5 3 2 3 3 1 10 1
8 6 9 9 7 9 3 2 9 8
32 34 1
7 10 10 8 9 9 9 6 4 7
7 3 7 7 5 9 1 6 4 4
8 7 10 10 10 3 2 7 10 8
2 9 10 10 8 7 1 9 9 4
3 9 3 6 5 3 9 3 6 5
9 1 3 7 9 1 3 2 9 10
3 2 2 9 7 7 1 3 3 7
10 3 9 10 2 10 1 9 8 3
1 4 9 8 8 3 9 6 1 3
7 6 1 9 6 10 3 2 10 7
32 35 0
1 1 1 1 1 1 1 1 1 1
1 1 1 1 1 1 1 1 1 1
1 1 1 1 1 1 1 1 1 1
1 1 1 1 1 1 1 1 1 1
1 1 1 1 1 1 1 1 1 1
1 1 1 1 1 1 1 1 1 1
1 1 1 1 1 1 1 1 1 1
1 1 1 1 1 1 1 1 1 1
1 1 1 1 1 1 1 1 1 1
1 1 1 1 1 1 1 1 1 1
32 37 1
2 7 9 8 2 8 6 7 7 10
4 4 4 1 8 1 10 5 9 7
7 8 6 5 4 2 10 3 7 3
8 9 4 1 1 9 6 2 9 3
7 5 9 9 6 5 9 3 3 1
9 2 5 9 7 1 9 6 10 1
3 7 1 8 3 10 5 9 7 3
7 7 7 3 7 3 6 7 3 9
8 6 9 1 6 3 3 9 9 2
1 8 2 4 8 8 3 3 2 3
32 36 0
1 1 1 1 1 1 1 1 1 1
1 1 1 1 1 1 1 1 1 1
1 1 1 1 1 1 1 1 1 1
1 1 1 1 1 1 1 1 1 1
1 1 1 1 1 1 1 1 1 1
1 1 1 1 1 1 1 1 1 1
1 1 1 1 1 1 1 1 1 1
1 1 1 1 1 1 1 1 1 1
1 1 1 1 1 1 1 1 1 1
1 1 1 1 1 1 1 1 1 1
33 34 1
4 4 1 8 7 5 6 4 10 2
4 6 9 5 2 7 7 2 6 9
4 1 3 10 1 9 4 7 2 9
9 8 6 1 3 3 2 9 4 7
9 2 4 2 7 1 9 7 7 4
9 6 10 3 1 7 10 10 6 9
3 7 2 10 9 5 5 5 4 7
3 4 6 7 5 5 9 7 6 10
6 4 2 2 2 2 10 10 10 5
1 5 7 3 5 9 2 9 4 6
33 36 0
1 1 1 1 1 1 1 1 1 1
1 1 1 1 1 1 1 1 1 1
1 1 1 1 1 1 1 1 1 1
1 1 1 1 1 1 1 1 1 1
1 1 1 1 1 1 1 1 1 1
1 1 1 1 1 1 1 1 1 1
1 1 1 1 1 1 1 1 1 1
1 1 1 1 1 1 1 1 1 1
1 1 1 1 1 1 1 1 1 1
1 1 1 1 1 1 1 1 1 1
33 37 1
5 9 6 7 10 9 8 5 1 1
2 1 5 7 10 5 6 8 10 6
6 9 7 2 4 7 4 8 5 10
8 2 10 6 7 7 2 3 6 7
8 3 3 7 3 6 8 8 6 10
5 3 1 4 4 6 8 4 1 1
2 4 3 8 4 6 1 8 4 9
5 1 1 7 8 8 6 1 4 8
9 10 10 1 10 5 2 2 8 1
10 8 1 6 10 4 4 7 9 8
33 38 0
2 2 2 2 2 2 2 2 2 2
2 2 2 2 2 2 2 2 2 2
2 2 2 2 2 2 2 2 2 2
2 2 2 2 2 2 2 2 2 2
2 2 2 2 2 2 2 2 2 2
2 2 2 2 2 2 2 2 2 2
2 2 2 2 2 2 2 2 2 2
2 2 2 2 2 2 2 2 2 2
2 2 2 2 2 2 2 2 2 2
2 2 2 2 2 2 2 2 2 2
34 37 1
5 5 3 9 1 1 6 3 7 1
2 4 1 5 2 5 10 1 9 5
5 5 8 6 9 8 9 3 7 10
6 7 2 9 1 8 4 2 10 2
6 1 5 5 10 4 1 5 9 7
1 10 8 10 8 6 9 9 1 9
2 9 7 8 9 7 6 2 10 7
5 1 1 7 7 9 8 2 2 5
4 10 3 2 6 5 1 10 10 10
5 6 10 5 3 4 5 10 1 3
34 40 0
1 1 1 1 1 1 1 1 1 1
1 1 1 1 1 1 1 1 1 1
1 1 1 1 1 1 1 1 1 1
1 1 1 1 1 1 1 1 1 1
1 1 1 1 1 1 1 1 1 1
1 1 1 1 1 1 1 1 1 1
1 1 1 1 1 1 1 1 1 1
1 1 1 1 1 1 1 1 1 1
1 1 1 1 1 1 1 1 1 1
1 1 1 1 1 1 1 1 1 1
35 40 0
1 1 1 1 1 1 1 1 1 1
1 1 1 1 1 1 1 1 1 1
1 1 1 1 1 1 1 1 1 1
1 1 1 1 1 1 1 1 1 1
1 1 1 1 1 1 1 1 1 1
1 1 1 1 1 1 1 1 1 1
1 1 1 1 1 1 1 1 1 1
1 1 1 1 1 1 1 1 1 1
1 1 1 1 1 1 1 1 1 1
1 1 1 1 1 1 1 1 1 1
36 37 0
1 1 1 1 1 1 1 1 1 1
1 1 1 1 1 1 1 1 1 1
1 1 1 1 1 1 1 1 1 1
1 1 1 1 1 1 1 1 1 1
1 1 1 1 1 1 1 1 1 1
1 1 1 1 1 1 1 1 1 1
1 1 1 1 1 1 1 1 1 1
1 1 1 1 1 1 1 1 1 1
1 1 1 1 1 1 1 1 1 1
1 1 1 1 1 1 1 1 1 1
36 38 1
3 6 5 3 7 3 4 1 4 8
6 4 3 2 1 10 1 6 2 3
9 7 10 5 3 8 1 7 2 9
1 9 8 6 4 6 9 1 9 10
10 9 1 7 1 4 5 5 9 9
1 6 3 10 9 5 10 4 4 1
1 5 3 2 8 1 3 7 3 1
4 9 3 8 4 6 8 6 8 5
9 3 5 6 3 4 5 9 8 5
1 9 7 10 3 1 3 9 7 1
37 38 0
2 2 2 2 2 2 2 2 2 2
2 2 2 2 2 2 2 2 2 2
2 2 2 2 2 2 2 2 2 2
2 2 2 2 2 2 2 2 2 2
2 2 2 2 2 2 2 2 2 2
2 2 2 2 2 2 2 2 2 2
2 2 2 2 2 2 2 2 2 2
2 2 2 2 2 2 2 2 2 2
2 2 2 2 2 2 2 2 2 2
2 2 2 2 2 2 2 2 2 2
37 39 1
6 3 5 4 1 8 7 1 10 8
2 5 5 9 8 7 1 4 5 5
5 10 9 10 6 4 1 4 8 10
7 2 2 3 1 2 2 6 7 2
1 2 6 4 8 4 2 5 6 5
6 8 9 6 10 2 1 10 7 5
4 6 5 1 2 1 7 6 2 5
4 5 1 7 2 3 4 8 2 1
6 2 9 7 10 5 6 7 9 7
4 6 10 10 7 4 6 3 9 2
37 40 1
4 4 7 5 8 2 5 9 1 6
2 1 1 10 3 3 4 10 9 4
3 4 4 9 6 5 5 3 4 2
8 9 5 10 10 10 2 9 3 1
4 6 6 9 10 9 8 9 5 6
7 2 4 8 10 7 5 7 10 9
8 7 9 3 5 10 5 2 1 7
8 5 1 10 7 10 10 1 6 8
8 4 4 8 4 9 6 1 7 2
2 7 8 8 4 8 6 9 7 1
38 39 0
1 1 1 1 1 1 1 1 1 1
1 1 1 1 1 1 1 1 1 1
1 1 1 1 1 1 1 1 1 1
1 1 1 1 1 1 1 1 1 1
1 1 1 1 1 1 1 1 1 1
1 1 1 1 1 1 1 1 1 1
1 1 1 1 1 1 1 1 1 1
1 1 1 1 1 1 1 1 1 1
1 1 1 1 1 1 1 1 1 1
1 1 1 1 1 1 1 1 1 1
39 40 0
1 1 1 1 1 1 1 1 1 1
1 1 1 1 1 1 1 1 1 1
1 1 1 1 1 1 1 1 1 1
1 1 1 1 1 1 1 1 1 1
1 1 1 1 1 1 1 1 1 1
1 1 1 1 1 1 1 1 1 1
1 1 1 1 1 1 1 1 1 1
1 1 1 1 1 1 1 1 1 1
1 1 1 1 1 1 1 1 1 1
1 1 1 1 1 1 1 1 1 1
