100 50 1
1 5
1 79 1
4 3 5 1 2
4 5 3 1 4
1 2 1 5 3
2 1 5 5 5
4 2 2 2 2
2 71 1
3 2 5 4 1
1 5 5 3 5
3 5 1 4 3
4 3 1 3 2
4 2 5 3 1
6 54 0
1 1 1 1 1
1 1 1 1 1
1 1 1 1 1
1 1 1 1 1
1 1 1 1 1
8 34 0
1 1 1 1 1
1 1 1 1 1
1 1 1 1 1
1 1 1 1 1
1 1 1 1 1
9 25 1
5 1 1 4 2
4 5 2 2 1
1 3 4 5 3
2 3 4 3 2
4 4 1 2 4
10 88 0
1 1 1 1 1
1 1 1 1 1
1 1 1 1 1
1 1 1 1 1
1 1 1 1 1
11 12 0
1 1 1 1 1
1 1 1 1 1
1 1 1 1 1
1 1 1 1 1
1 1 1 1 1
12 93 0
1 1 1 1 1
1 1 1 1 1
1 1 1 1 1
1 1 1 1 1
1 1 1 1 1
12 77 1
2 5 4 4 5
3 1 4 4 2
3 2 5 1 2
5 3 5 2 1
2 3 5 2 5
13 80 0
1 1 1 1 1
1 1 1 1 1
1 1 1 1 1
1 1 1 1 1
1 1 1 1 1
13 94 1
5 2 4 1 1
1 2 4 2 1
5 4 3 1 3
3 4 5 3 4
4 4 5 5 3
13 72 0
1 1 1 1 1
1 1 1 1 1
1 1 1 1 1
1 1 1 1 1
1 1 1 1 1
14 63 0
1 1 1 1 1
1 1 1 1 1
1 1 1 1 1
1 1 1 1 1
1 1 1 1 1
16 71 0
1 1 1 1 1
1 1 1 1 1
1 1 1 1 1
1 1 1 1 1
1 1 1 1 1
18 37 1
4 2 3 4 4
3 3 5 4 5
3 5 4 1 3
2 2 4 2 4
3 1 4 3 2
18 97 0
1 1 1 1 1
1 1 1 1 1
1 1 1 1 1
1 1 1 1 1
1 1 1 1 1
19 40 1
2 1 3 4 5
4 1 5 1 3
2 1 3 5 2
2 2 1 1 5
2 3 1 5 5
19 31 0
1 1 1 1 1
1 1 1 1 1
1 1 1 1 1
1 1 1 1 1
1 1 1 1 1
24 38 0
1 1 1 1 1
1 1 1 1 1
1 1 1 1 1
1 1 1 1 1
1 1 1 1 1
24 25 1
5 3 2 2 1
1 1 5 2 3
5 5 2 4 2
5 1 5 2 2
5 2 2 3 3
27 82 1
3 4 1 4 4
2 5 3 2 2
1 1 2 3 2
4 1 3 2 1
5 1 4 3 1
27 78 0
1 1 1 1 1
1 1 1 1 1
1 1 1 1 1
1 1 1 1 1
1 1 1 1 1
28 65 0
1 1 1 1 1
1 1 1 1 1
1 1 1 1 1
1 1 1 1 1
1 1 1 1 1
29 73 0
1 1 1 1 1
1 1 1 1 1
1 1 1 1 1
1 1 1 1 1
1 1 1 1 1
31 74 0
1 1 1 1 1
1 1 1 1 1
1 1 1 1 1
1 1 1 1 1
1 1 1 1 1
32 94 1
1 3 4 3 1
5 2 5 2 2
4 4 2 4 4
3 2 3 5 2
5 3 5 5 5
33 69 1
4 3 1 2 5
2 3 2 5 2
1 5 3 5 2
2 2 2 3 1
5 1 4 2 1
34 66 0
1 1 1 1 1
1 1 1 1 1
1 1 1 1 1
1 1 1 1 1
1 1 1 1 1
37 57 0
1 1 1 1 1
1 1 1 1 1
1 1 1 1 1
1 1 1 1 1
1 1 1 1 1
38 91 0
1 1 1 1 1
1 1 1 1 1
1 1 1 1 1
1 1 1 1 1
1 1 1 1 1
39 62 1
3 1 3 5 1
2 4 5 5 5
1 1 2 2 5
4 1 4 4 4
5 5 4 5 3
39 71 0
1 1 1 1 1
1 1 1 1 1
1 1 1 1 1
1 1 1 1 1
1 1 1 1 1
41 79 1
4 4 3 1 2
5 3 1 3 2
2 2 4 2 5
4 5 2 1 3
3 2 4 2 4
41 66 1
5 4 5 3 2
4 3 3 3 1
4 3 5 5 4
2 3 1 1 5
3 4 1 5 5
41 50 0
1 1 1 1 1
1 1 1 1 1
1 1 1 1 1
1 1 1 1 1
1 1 1 1 1
42 91 0
1 1 1 1 1
1 1 1 1 1
1 1 1 1 1
1 1 1 1 1
1 1 1 1 1
43 61 1
4 4 4 4 3
3 5 5 5 4
2 4 5 4 2
3 1 4 2 3
4 1 3 2 1
43 64 0
1 1 1 1 1
1 1 1 1 1
1 1 1 1 1
1 1 1 1 1
1 1 1 1 1
43 70 0
1 1 1 1 1
1 1 1 1 1
1 1 1 1 1
1 1 1 1 1
1 1 1 1 1
46 75 0
1 1 1 1 1
1 1 1 1 1
1 1 1 1 1
1 1 1 1 1
1 1 1 1 1
46 56 1
4 2 3 2 1
5 5 5 4 3
4 5 3 2 4
2 3 4 2 5
2 3 2 1 2
50 98 0
1 1 1 1 1
1 1 1 1 1
1 1 1 1 1
1 1 1 1 1
1 1 1 1 1
52 63 1
4 2 3 4 1
1 1 5 4 1
2 1 1 1 2
2 4 5 2 3
5 2 3 4 1
52 91 0
1 1 1 1 1
1 1 1 1 1
1 1 1 1 1
1 1 1 1 1
1 1 1 1 1
57 67 1
1 1 5 4 4
4 1 2 5 4
2 5 1 2 3
2 2 2 5 3
1 5 2 5 3
58 70 1
2 2 1 3 2
3 4 1 1 2
2 5 5 4 3
2 1 4 3 3
5 1 1 5 1
62 71 0
1 1 1 1 1
1 1 1 1 1
1 1 1 1 1
1 1 1 1 1
1 1 1 1 1
71 76 1
4 4 5 1 3
5 3 1 2 3
3 1 3 4 2
4 1 5 4 3
1 5 1 3 5
78 91 0
1 1 1 1 1
1 1 1 1 1
1 1 1 1 1
1 1 1 1 1
1 1 1 1 1
81 86 0
1 1 1 1 1
1 1 1 1 1
1 1 1 1 1
1 1 1 1 1
1 1 1 1 1
